1.534475844812000036e+09 1.300000000000000000e+01
1.534475956819000006e+09 1.090000000000000000e+02
1.534476328841000080e+09 1.210000000000000000e+02
1.534476477849999905e+09 1.330000000000000000e+02
1.534476551854000092e+09 1.450000000000000000e+02
1.534476588855999947e+09 2.890000000000000000e+02
1.534477369904000044e+09 1.300000000000000000e+01
1.534477444908999920e+09 1.090000000000000000e+02
1.534477667923000097e+09 2.530000000000000000e+02
1.534477816933000088e+09 3.960000000000000000e+02
1.534478113950999975e+09 5.400000000000000000e+02
1.534478188954999924e+09 6.360000000000000000e+02
1.534478336963999987e+09 7.800000000000000000e+02
1.534478485973999977e+09 9.240000000000000000e+02
1.534478560979000092e+09 1.068000000000000000e+03
1.534478634983000040e+09 1.212000000000000000e+03
1.534478708987999916e+09 1.308000000000000000e+03
1.534478783992000103e+09 1.452000000000000000e+03
1.534478857996999979e+09 1.596000000000000000e+03
1.534479007006000042e+09 1.740000000000000000e+03
1.534479081009999990e+09 1.884000000000000000e+03
1.534479156013999939e+09 1.980000000000000000e+03
1.534479156013999939e+09 1.980000000000000000e+03
1.534479230019000053e+09 2.124000000000000000e+03
1.534479305023000002e+09 2.268000000000000000e+03
1.534479342025000095e+09 2.412000000000000000e+03
1.534479379026999950e+09 2.556000000000000000e+03
1.534594887040999889e+09 1.300000000000000000e+01
1.534594999048000097e+09 1.090000000000000000e+02
1.534595297068000078e+09 1.200000000000000000e+02
1.534595706091000080e+09 1.320000000000000000e+02
1.534596115117000103e+09 1.300000000000000000e+01
1.534596189121000051e+09 1.090000000000000000e+02
1.534596264125999928e+09 2.530000000000000000e+02
1.534596375132999897e+09 3.960000000000000000e+02
1.534596450137000084e+09 5.400000000000000000e+02
1.534596524141999960e+09 6.360000000000000000e+02
1.534596598145999908e+09 7.800000000000000000e+02
1.534596673151000023e+09 9.240000000000000000e+02
1.534596747154999971e+09 1.068000000000000000e+03
1.534596822160000086e+09 1.212000000000000000e+03
1.534596896164999962e+09 1.308000000000000000e+03
1.534596970170000076e+09 1.452000000000000000e+03
1.534597045174999952e+09 1.596000000000000000e+03
1.534597119178999901e+09 1.740000000000000000e+03
1.534597194184000015e+09 1.884000000000000000e+03
1.534597268188999891e+09 1.980000000000000000e+03
1.534597417197999954e+09 2.124000000000000000e+03
1.534597491203000069e+09 2.268000000000000000e+03
1.534597566207000017e+09 2.412000000000000000e+03
1.534597640211999893e+09 2.556000000000000000e+03
1.534659733987999916e+09 1.300000000000000000e+01
1.534659845994999886e+09 1.090000000000000000e+02
1.534660069007999897e+09 2.530000000000000000e+02
1.534660143013000011e+09 3.960000000000000000e+02
1.534660218016999960e+09 5.400000000000000000e+02
1.534660292022000074e+09 6.360000000000000000e+02
1.534660367026999950e+09 7.800000000000000000e+02
1.534660441032000065e+09 9.240000000000000000e+02
1.534660515036000013e+09 1.068000000000000000e+03
1.534660590040999889e+09 1.212000000000000000e+03
1.534660664046000004e+09 1.308000000000000000e+03
1.534660813055999994e+09 1.452000000000000000e+03
1.534661036069999933e+09 1.596000000000000000e+03
1.534661185078000069e+09 1.740000000000000000e+03
1.534661259082000017e+09 1.884000000000000000e+03
1.534661334086999893e+09 1.980000000000000000e+03
1.534661408091000080e+09 2.124000000000000000e+03
1.534661483095000029e+09 2.268000000000000000e+03
1.534661557099999905e+09 2.412000000000000000e+03
1.534661631105000019e+09 2.556000000000000000e+03
1.535025754131000042e+09 1.300000000000000000e+01
1.535025866138000011e+09 1.090000000000000000e+02
1.535026015147000074e+09 2.530000000000000000e+02
1.535026089151000023e+09 3.960000000000000000e+02
1.535026164155999899e+09 5.400000000000000000e+02
1.535026275161999941e+09 6.360000000000000000e+02
1.535026312164999962e+09 7.800000000000000000e+02
1.535026350167000055e+09 9.240000000000000000e+02
1.535026424171000004e+09 1.068000000000000000e+03
1.535026498176000118e+09 1.212000000000000000e+03
1.535026573180000067e+09 1.308000000000000000e+03
1.535026647184000015e+09 1.452000000000000000e+03
1.535026722188999891e+09 1.596000000000000000e+03
1.535026796193000078e+09 1.740000000000000000e+03
1.535026870197999954e+09 1.884000000000000000e+03
1.535026945201999903e+09 1.980000000000000000e+03
1.535027056209000111e+09 2.124000000000000000e+03
1.535027131213000059e+09 2.268000000000000000e+03
1.535027205217999935e+09 2.412000000000000000e+03
1.535027280221999884e+09 2.556000000000000000e+03
1.535054212842999935e+09 1.300000000000000000e+01
1.535054286848000050e+09 1.090000000000000000e+02
1.535054361851999998e+09 2.530000000000000000e+02
1.535054435855999947e+09 3.960000000000000000e+02
1.535054509861000061e+09 5.400000000000000000e+02
1.535054733874000072e+09 6.360000000000000000e+02
1.535055104897000074e+09 7.800000000000000000e+02
1.535055179901000023e+09 9.240000000000000000e+02
1.535055253905999899e+09 1.068000000000000000e+03
1.535055328911000013e+09 1.212000000000000000e+03
1.535055402915999889e+09 1.308000000000000000e+03
1.535055476920000076e+09 1.452000000000000000e+03
1.535055551924999952e+09 1.596000000000000000e+03
1.535055625930000067e+09 1.740000000000000000e+03
1.535055700934999943e+09 1.884000000000000000e+03
1.535055737937000036e+09 1.980000000000000000e+03
1.535055774938999891e+09 2.124000000000000000e+03
1.535055811941999912e+09 2.268000000000000000e+03
1.535055848944000006e+09 2.412000000000000000e+03
1.535055886946000099e+09 2.556000000000000000e+03
1.535113990489000082e+09 1.300000000000000000e+01
1.535114102496000051e+09 1.090000000000000000e+02
1.535114288506999969e+09 2.530000000000000000e+02
1.535114362512000084e+09 3.960000000000000000e+02
1.535114436516999960e+09 5.400000000000000000e+02
1.535114511520999908e+09 6.360000000000000000e+02
1.535114585526000023e+09 7.800000000000000000e+02
1.535114660530999899e+09 9.240000000000000000e+02
1.535114734535000086e+09 1.068000000000000000e+03
1.535114808539999962e+09 1.212000000000000000e+03
1.535114883543999910e+09 1.308000000000000000e+03
1.535114957548000097e+09 1.452000000000000000e+03
1.535115032552000046e+09 1.596000000000000000e+03
1.535115106555999994e+09 1.740000000000000000e+03
1.535115180561000109e+09 1.884000000000000000e+03
1.535115255565000057e+09 1.980000000000000000e+03
1.535115329569000006e+09 2.124000000000000000e+03
1.535115404573999882e+09 2.268000000000000000e+03
1.535115478578000069e+09 2.412000000000000000e+03
1.535115552582999945e+09 2.556000000000000000e+03
1.535248825930000067e+09 1.300000000000000000e+01
1.535249420967000008e+09 1.300000000000000000e+01
1.535249532974999905e+09 1.090000000000000000e+02
1.535249867994999886e+09 1.300000000000000000e+01
1.535250054006999969e+09 1.090000000000000000e+02
1.535250128010999918e+09 2.530000000000000000e+02
1.535250203016000032e+09 3.960000000000000000e+02
1.535250277019999981e+09 5.400000000000000000e+02
1.535250351026000023e+09 6.360000000000000000e+02
1.535250426030999899e+09 7.800000000000000000e+02
1.535250500036000013e+09 9.240000000000000000e+02
1.535250575039999962e+09 1.068000000000000000e+03
1.535250649045000076e+09 1.212000000000000000e+03
1.535250723049999952e+09 1.308000000000000000e+03
1.535250798055000067e+09 1.452000000000000000e+03
1.535250872059999943e+09 1.596000000000000000e+03
1.535250947065000057e+09 1.740000000000000000e+03
1.535251021069000006e+09 1.884000000000000000e+03
1.535251170078999996e+09 1.980000000000000000e+03
1.535251244082999945e+09 2.124000000000000000e+03
1.535251319088000059e+09 2.268000000000000000e+03
1.535251356089999914e+09 2.412000000000000000e+03
1.535251393092000008e+09 2.556000000000000000e+03
1.535323911608999968e+09 1.300000000000000000e+01
1.535323985614000082e+09 1.090000000000000000e+02
1.535324060618999958e+09 2.530000000000000000e+02
1.535324134622999907e+09 3.960000000000000000e+02
1.535324208628000021e+09 5.400000000000000000e+02
1.535324283632999897e+09 6.360000000000000000e+02
1.535324357638000011e+09 7.800000000000000000e+02
1.535324432642999887e+09 9.240000000000000000e+02
1.535324506648000002e+09 1.068000000000000000e+03
1.535324580653000116e+09 1.212000000000000000e+03
1.535324655657999992e+09 1.308000000000000000e+03
1.535324729661999941e+09 1.452000000000000000e+03
1.535324804667000055e+09 1.596000000000000000e+03
1.535324878671999931e+09 1.740000000000000000e+03
1.535324952677000046e+09 1.884000000000000000e+03
1.535325027681999922e+09 1.980000000000000000e+03
1.535325101687000036e+09 2.124000000000000000e+03
1.535325176691999912e+09 2.268000000000000000e+03
1.535325250697000027e+09 2.412000000000000000e+03
1.535325399706000090e+09 2.556000000000000000e+03
1.535387462601000071e+09 1.300000000000000000e+01
1.535388057638999939e+09 1.090000000000000000e+02
1.535388168647000074e+09 2.530000000000000000e+02
1.535388243651000023e+09 3.960000000000000000e+02
1.535388317655999899e+09 5.400000000000000000e+02
1.535388392661000013e+09 6.360000000000000000e+02
1.535388466664999962e+09 7.800000000000000000e+02
1.535388540670000076e+09 9.240000000000000000e+02
1.535388615674999952e+09 1.068000000000000000e+03
1.535388689678999901e+09 1.212000000000000000e+03
1.535388764684000015e+09 1.308000000000000000e+03
1.535388912693000078e+09 1.452000000000000000e+03
1.535388987697999954e+09 1.596000000000000000e+03
1.535389061703999996e+09 1.740000000000000000e+03
1.535389135709000111e+09 1.884000000000000000e+03
1.535389210713999987e+09 1.980000000000000000e+03
1.535389284717999935e+09 2.124000000000000000e+03
1.535389359723000050e+09 2.268000000000000000e+03
1.535389433727999926e+09 2.412000000000000000e+03
1.535389507732000113e+09 2.556000000000000000e+03
1.535413740249000072e+09 1.300000000000000000e+01
1.535413851256000042e+09 1.090000000000000000e+02
1.535413963262000084e+09 2.530000000000000000e+02
1.535414037266999960e+09 3.960000000000000000e+02
1.535414112270999908e+09 5.400000000000000000e+02
1.535414186276000023e+09 6.360000000000000000e+02
1.535414260279999971e+09 7.800000000000000000e+02
1.535414335285000086e+09 9.240000000000000000e+02
1.535414409289999962e+09 1.068000000000000000e+03
1.535414409289999962e+09 1.068000000000000000e+03
1.535414484293999910e+09 1.212000000000000000e+03
1.535414558299000025e+09 1.308000000000000000e+03
1.535414632302999973e+09 1.452000000000000000e+03
1.535414707308000088e+09 1.596000000000000000e+03
1.535414781312999964e+09 1.740000000000000000e+03
1.535414855316999912e+09 1.884000000000000000e+03
1.535414930322000027e+09 1.980000000000000000e+03
1.535415004325999975e+09 2.124000000000000000e+03
1.535415079331000090e+09 2.268000000000000000e+03
1.535415153335000038e+09 2.412000000000000000e+03
1.535415227338999987e+09 2.556000000000000000e+03
1.535515780394000053e+09 1.300000000000000000e+01
1.535515929403000116e+09 1.090000000000000000e+02
1.535516115414000034e+09 2.530000000000000000e+02
1.535516227421000004e+09 3.960000000000000000e+02
1.535516301426000118e+09 5.400000000000000000e+02
1.535516375430000067e+09 6.360000000000000000e+02
1.535516450434999943e+09 7.800000000000000000e+02
1.535516524438999891e+09 9.240000000000000000e+02
1.535516599444000006e+09 1.068000000000000000e+03
1.535516673447999954e+09 1.212000000000000000e+03
1.535516747451999903e+09 1.308000000000000000e+03
1.535516822457000017e+09 1.452000000000000000e+03
1.535516896460999966e+09 1.596000000000000000e+03
1.535516971464999914e+09 1.740000000000000000e+03
1.535517045470000029e+09 1.884000000000000000e+03
1.535517119473999977e+09 1.980000000000000000e+03
1.535517194479000092e+09 2.124000000000000000e+03
1.535517268483000040e+09 2.268000000000000000e+03
1.535517343486999989e+09 2.412000000000000000e+03
1.535517417492000103e+09 2.556000000000000000e+03
1.535547268305999994e+09 1.300000000000000000e+01
1.535547417315000057e+09 1.090000000000000000e+02
1.535547752335000038e+09 2.530000000000000000e+02
1.535547826338999987e+09 3.960000000000000000e+02
1.535547901344000101e+09 5.400000000000000000e+02
1.535547975348000050e+09 6.360000000000000000e+02
1.535548049351999998e+09 7.800000000000000000e+02
1.535548124357000113e+09 9.240000000000000000e+02
1.535548198361000061e+09 1.068000000000000000e+03
1.535548347369999886e+09 1.212000000000000000e+03
1.535548421374000072e+09 1.308000000000000000e+03
1.535548496378999949e+09 1.452000000000000000e+03
1.535548570382999897e+09 1.596000000000000000e+03
1.535548645388000011e+09 1.740000000000000000e+03
1.535548719391999960e+09 1.884000000000000000e+03
1.535548793397000074e+09 1.980000000000000000e+03
1.535548868401000023e+09 2.124000000000000000e+03
1.535548905404000044e+09 2.268000000000000000e+03
1.535548942405999899e+09 2.412000000000000000e+03
1.535548979407999992e+09 2.556000000000000000e+03
1.535573610898999929e+09 1.300000000000000000e+01
1.535573722905999899e+09 1.090000000000000000e+02
1.535573759907999992e+09 2.530000000000000000e+02
1.535573833913000107e+09 3.960000000000000000e+02
1.535573908917999983e+09 5.400000000000000000e+02
1.535573982923000097e+09 6.360000000000000000e+02
1.535574056927999973e+09 7.800000000000000000e+02
1.535574131933000088e+09 9.240000000000000000e+02
1.535574205937000036e+09 1.068000000000000000e+03
1.535574280941999912e+09 1.212000000000000000e+03
1.535574354946000099e+09 1.308000000000000000e+03
1.535574428950000048e+09 1.452000000000000000e+03
1.535574503954999924e+09 1.596000000000000000e+03
1.535574577959000111e+09 1.740000000000000000e+03
1.535574652963000059e+09 1.884000000000000000e+03
1.535574726967999935e+09 1.980000000000000000e+03
1.535574800971999884e+09 2.124000000000000000e+03
1.535574875976000071e+09 2.268000000000000000e+03
1.535574949980999947e+09 2.412000000000000000e+03
1.535575024984999895e+09 2.556000000000000000e+03
1.535618090546999931e+09 1.300000000000000000e+01
1.535618164551000118e+09 1.090000000000000000e+02
1.535618276558000088e+09 2.530000000000000000e+02
1.535618350562999964e+09 3.960000000000000000e+02
1.535618424566999912e+09 5.400000000000000000e+02
1.535618499572000027e+09 6.360000000000000000e+02
1.535618573575999975e+09 7.800000000000000000e+02
1.535618648581000090e+09 9.240000000000000000e+02
1.535618722585000038e+09 1.068000000000000000e+03
1.535618796588999987e+09 1.212000000000000000e+03
1.535618871594000101e+09 1.308000000000000000e+03
1.535618945598999977e+09 1.452000000000000000e+03
1.535619020604000092e+09 1.596000000000000000e+03
1.535619094608000040e+09 1.740000000000000000e+03
1.535619168612999916e+09 1.884000000000000000e+03
1.535619243618000031e+09 1.980000000000000000e+03
1.535619317621999979e+09 2.124000000000000000e+03
1.535619392627000093e+09 2.268000000000000000e+03
1.535619466631999969e+09 2.412000000000000000e+03
1.535619540635999918e+09 2.556000000000000000e+03
1.535737036766999960e+09 1.300000000000000000e+01
1.535737110770999908e+09 1.090000000000000000e+02
1.535737185776000023e+09 2.530000000000000000e+02
1.535737259779999971e+09 3.960000000000000000e+02
1.535737333785000086e+09 5.400000000000000000e+02
1.535737408789999962e+09 6.360000000000000000e+02
1.535737482793999910e+09 7.800000000000000000e+02
1.535737557799000025e+09 9.240000000000000000e+02
1.535737631803999901e+09 1.068000000000000000e+03
1.535737705809000015e+09 1.212000000000000000e+03
1.535737780812999964e+09 1.308000000000000000e+03
1.535737854818000078e+09 1.452000000000000000e+03
1.535737929822999954e+09 1.596000000000000000e+03
1.535738003828000069e+09 1.740000000000000000e+03
1.535738077832000017e+09 1.884000000000000000e+03
1.535738152836999893e+09 1.980000000000000000e+03
1.535738226842000008e+09 2.124000000000000000e+03
1.535738301846999884e+09 2.268000000000000000e+03
1.535738375851999998e+09 2.412000000000000000e+03
1.535738449857000113e+09 2.556000000000000000e+03
1.535745226285000086e+09 1.300000000000000000e+01
1.535745301289999962e+09 1.090000000000000000e+02
1.535745375295000076e+09 2.530000000000000000e+02
1.535745450299000025e+09 3.960000000000000000e+02
1.535745524303999901e+09 5.400000000000000000e+02
1.535745598309000015e+09 6.360000000000000000e+02
1.535745673312999964e+09 7.800000000000000000e+02
1.535745747318000078e+09 9.240000000000000000e+02
1.535745821322999954e+09 1.068000000000000000e+03
1.535745896326999903e+09 1.212000000000000000e+03
1.535745970332000017e+09 1.308000000000000000e+03
1.535746045336999893e+09 1.452000000000000000e+03
1.535746119341000080e+09 1.596000000000000000e+03
1.535746193345999956e+09 1.740000000000000000e+03
1.535746268351000071e+09 1.884000000000000000e+03
1.535746342355000019e+09 1.980000000000000000e+03
1.535746417359999895e+09 2.124000000000000000e+03
1.535746491365000010e+09 2.268000000000000000e+03
1.535746565369999886e+09 2.412000000000000000e+03
1.535746640375000000e+09 2.556000000000000000e+03
1.535794889405999899e+09 1.300000000000000000e+01
1.535795038414999962e+09 1.090000000000000000e+02
1.535796043474999905e+09 1.300000000000000000e+01
1.535796117480000019e+09 1.090000000000000000e+02
1.535796191483999968e+09 2.530000000000000000e+02
1.535796266489000082e+09 3.960000000000000000e+02
1.535796340493999958e+09 5.400000000000000000e+02
1.535796415499000072e+09 6.360000000000000000e+02
1.535796489503000021e+09 7.800000000000000000e+02
1.535796563507999897e+09 9.240000000000000000e+02
1.535796638513000011e+09 1.068000000000000000e+03
1.535796712516999960e+09 1.212000000000000000e+03
1.535796786522000074e+09 1.308000000000000000e+03
1.535796861526999950e+09 1.452000000000000000e+03
1.535796935532000065e+09 1.596000000000000000e+03
1.535797010536000013e+09 1.740000000000000000e+03
1.535797084540999889e+09 1.884000000000000000e+03
1.535797158546000004e+09 1.980000000000000000e+03
1.535797233551000118e+09 2.124000000000000000e+03
1.535797307555000067e+09 2.268000000000000000e+03
1.535797307555000067e+09 2.268000000000000000e+03
1.535797382559999943e+09 2.412000000000000000e+03
1.535797382559999943e+09 2.412000000000000000e+03
1.535797456565000057e+09 2.556000000000000000e+03
1.535829694571000099e+09 1.300000000000000000e+01
1.535829768575999975e+09 1.090000000000000000e+02
1.535829843579999924e+09 2.530000000000000000e+02
1.535829917585000038e+09 3.960000000000000000e+02
1.535829992588999987e+09 5.400000000000000000e+02
1.535830066594000101e+09 6.360000000000000000e+02
1.535830140598999977e+09 7.800000000000000000e+02
1.535830215604000092e+09 9.240000000000000000e+02
1.535830289608000040e+09 1.068000000000000000e+03
1.535830364612999916e+09 1.212000000000000000e+03
1.535830438618000031e+09 1.308000000000000000e+03
1.535830512622999907e+09 1.452000000000000000e+03
1.535830587628000021e+09 1.596000000000000000e+03
1.535830661632999897e+09 1.740000000000000000e+03
1.535830736638000011e+09 1.884000000000000000e+03
1.535830810641999960e+09 1.980000000000000000e+03
1.535830884647000074e+09 2.124000000000000000e+03
1.535830959651999950e+09 2.268000000000000000e+03
1.535831033655999899e+09 2.412000000000000000e+03
1.535831108661000013e+09 2.556000000000000000e+03
1.535851675948999882e+09 1.300000000000000000e+01
1.535851787956000090e+09 1.090000000000000000e+02
1.535851861960999966e+09 2.530000000000000000e+02
1.535851936966000080e+09 3.960000000000000000e+02
1.535852010970999956e+09 5.400000000000000000e+02
1.535852084974999905e+09 6.360000000000000000e+02
1.535852159980000019e+09 7.800000000000000000e+02
1.535852233984999895e+09 9.240000000000000000e+02
1.535852308990000010e+09 1.068000000000000000e+03
1.535852382994999886e+09 1.212000000000000000e+03
1.535852456999000072e+09 1.308000000000000000e+03
1.535852532003999949e+09 1.452000000000000000e+03
1.535852606007999897e+09 1.596000000000000000e+03
1.535852681013000011e+09 1.740000000000000000e+03
1.535852755017999887e+09 1.884000000000000000e+03
1.535852829022000074e+09 1.980000000000000000e+03
1.535852904026999950e+09 2.124000000000000000e+03
1.535852978032000065e+09 2.268000000000000000e+03
1.535853053036000013e+09 2.412000000000000000e+03
1.535853127040999889e+09 2.556000000000000000e+03
1.535883328913000107e+09 1.300000000000000000e+01
1.535883402917999983e+09 1.090000000000000000e+02
1.535883551927000046e+09 2.530000000000000000e+02
1.535883625931999922e+09 3.960000000000000000e+02
1.535883700937000036e+09 5.400000000000000000e+02
1.535883774941999912e+09 6.360000000000000000e+02
1.535883848947000027e+09 7.800000000000000000e+02
1.535883923951999903e+09 9.240000000000000000e+02
1.535883997957000017e+09 1.068000000000000000e+03
1.535884146966000080e+09 1.212000000000000000e+03
1.535884220970999956e+09 1.308000000000000000e+03
1.535884295976000071e+09 1.452000000000000000e+03
1.535884369980999947e+09 1.596000000000000000e+03
1.535884444986000061e+09 1.740000000000000000e+03
1.535884518990999937e+09 1.884000000000000000e+03
1.535884592994999886e+09 1.980000000000000000e+03
1.535884668000000000e+09 2.124000000000000000e+03
1.535884742003999949e+09 2.268000000000000000e+03
1.535884779006999969e+09 2.412000000000000000e+03
1.535884817009000063e+09 2.556000000000000000e+03
1.535920227244999886e+09 1.300000000000000000e+01
1.535920302249000072e+09 1.090000000000000000e+02
1.535920450257999897e+09 2.530000000000000000e+02
1.535920525263000011e+09 3.960000000000000000e+02
1.535920599266999960e+09 5.400000000000000000e+02
1.535920674272000074e+09 6.360000000000000000e+02
1.535920748276999950e+09 7.800000000000000000e+02
1.535920822280999899e+09 9.240000000000000000e+02
1.535920822280999899e+09 9.240000000000000000e+02
1.535920897285000086e+09 1.068000000000000000e+03
1.535920971289999962e+09 1.212000000000000000e+03
1.535921046293999910e+09 1.308000000000000000e+03
1.535921120299000025e+09 1.452000000000000000e+03
1.535921194302999973e+09 1.596000000000000000e+03
1.535921269308000088e+09 1.740000000000000000e+03
1.535921343312000036e+09 1.884000000000000000e+03
1.535921417316999912e+09 1.980000000000000000e+03
1.535921492321000099e+09 2.124000000000000000e+03
1.535921566325999975e+09 2.268000000000000000e+03
1.535921603328000069e+09 2.412000000000000000e+03
1.535921641329999924e+09 2.556000000000000000e+03
1.535952175263999939e+09 1.300000000000000000e+01
1.535952324273000002e+09 1.090000000000000000e+02
1.535952472282000065e+09 2.530000000000000000e+02
1.535952547286999941e+09 3.960000000000000000e+02
1.535952621292000055e+09 5.400000000000000000e+02
1.535952696296000004e+09 6.360000000000000000e+02
1.535952770301000118e+09 7.800000000000000000e+02
1.535952844305999994e+09 9.240000000000000000e+02
1.535952919311000109e+09 1.068000000000000000e+03
1.535952993315000057e+09 1.212000000000000000e+03
1.535953067319999933e+09 1.308000000000000000e+03
1.535953142325000048e+09 1.452000000000000000e+03
1.535953216328999996e+09 1.596000000000000000e+03
1.535953291334000111e+09 1.740000000000000000e+03
1.535953365338999987e+09 1.884000000000000000e+03
1.535953514348000050e+09 1.980000000000000000e+03
1.535953588352999926e+09 2.124000000000000000e+03
1.535953663358000040e+09 2.268000000000000000e+03
1.535953737362999916e+09 2.412000000000000000e+03
1.535953811367000103e+09 2.556000000000000000e+03
1.535988737568000078e+09 1.300000000000000000e+01
1.535988812572000027e+09 1.090000000000000000e+02
1.535988886576999903e+09 2.530000000000000000e+02
1.535988960581000090e+09 3.960000000000000000e+02
1.535989035585999966e+09 5.400000000000000000e+02
1.535989109591000080e+09 6.360000000000000000e+02
1.535989184595999956e+09 7.800000000000000000e+02
1.535989258601000071e+09 9.240000000000000000e+02
1.535989332605999947e+09 1.068000000000000000e+03
1.535989407611000061e+09 1.212000000000000000e+03
1.535989481615000010e+09 1.308000000000000000e+03
1.535989556619999886e+09 1.452000000000000000e+03
1.535989630625000000e+09 1.596000000000000000e+03
1.535989704628999949e+09 1.740000000000000000e+03
1.535989779632999897e+09 1.884000000000000000e+03
1.535989853638000011e+09 1.980000000000000000e+03
1.535989928641999960e+09 2.124000000000000000e+03
1.535990002645999908e+09 2.268000000000000000e+03
1.535990076651000023e+09 2.412000000000000000e+03
1.535990151654999971e+09 2.556000000000000000e+03
1.536036514573999882e+09 1.300000000000000000e+01
1.536036588578000069e+09 1.090000000000000000e+02
1.536036737588000059e+09 2.530000000000000000e+02
1.536036812592999935e+09 3.960000000000000000e+02
1.536036886598000050e+09 5.400000000000000000e+02
1.536036960602999926e+09 6.360000000000000000e+02
1.536037035608000040e+09 7.800000000000000000e+02
1.536037109612999916e+09 9.240000000000000000e+02
1.536037184618000031e+09 1.068000000000000000e+03
1.536037258621999979e+09 1.212000000000000000e+03
1.536037332627000093e+09 1.308000000000000000e+03
1.536037407631999969e+09 1.452000000000000000e+03
1.536037481637000084e+09 1.596000000000000000e+03
1.536037556641999960e+09 1.740000000000000000e+03
1.536037630647000074e+09 1.884000000000000000e+03
1.536037704651999950e+09 1.980000000000000000e+03
1.536037779657000065e+09 2.124000000000000000e+03
1.536037853661999941e+09 2.268000000000000000e+03
1.536037890664000034e+09 2.412000000000000000e+03
1.536037928667000055e+09 2.556000000000000000e+03
1.536088861874000072e+09 1.300000000000000000e+01
1.536088936878999949e+09 1.090000000000000000e+02
1.536089010882999897e+09 2.530000000000000000e+02
1.536089085888000011e+09 3.960000000000000000e+02
1.536089159891999960e+09 5.400000000000000000e+02
1.536089233897000074e+09 6.360000000000000000e+02
1.536089308901999950e+09 7.800000000000000000e+02
1.536089382907000065e+09 9.240000000000000000e+02
1.536089456911000013e+09 1.068000000000000000e+03
1.536089605920000076e+09 1.212000000000000000e+03
1.536089680924999952e+09 1.308000000000000000e+03
1.536089754930000067e+09 1.452000000000000000e+03
1.536089828934999943e+09 1.596000000000000000e+03
1.536089903938999891e+09 1.740000000000000000e+03
1.536089977944000006e+09 1.884000000000000000e+03
1.536090052947999954e+09 1.980000000000000000e+03
1.536090126953000069e+09 2.124000000000000000e+03
1.536090275963000059e+09 2.268000000000000000e+03
1.536090349967999935e+09 2.412000000000000000e+03
1.536090386970000029e+09 2.556000000000000000e+03
1.536090386970000029e+09 2.556000000000000000e+03
1.536144388342999935e+09 1.300000000000000000e+01
1.536144500349999905e+09 1.090000000000000000e+02
1.536144574355000019e+09 2.530000000000000000e+02
1.536144649359999895e+09 3.960000000000000000e+02
1.536144723364000082e+09 5.400000000000000000e+02
1.536144797368999958e+09 6.360000000000000000e+02
1.536144872374000072e+09 7.800000000000000000e+02
1.536144946378999949e+09 9.240000000000000000e+02
1.536145021382999897e+09 1.068000000000000000e+03
1.536145095388000011e+09 1.212000000000000000e+03
1.536145169392999887e+09 1.308000000000000000e+03
1.536145244397000074e+09 1.452000000000000000e+03
1.536145318401999950e+09 1.596000000000000000e+03
1.536145393407000065e+09 1.740000000000000000e+03
1.536145467411000013e+09 1.884000000000000000e+03
1.536145541415999889e+09 1.980000000000000000e+03
1.536145616421000004e+09 2.124000000000000000e+03
1.536145690424999952e+09 2.268000000000000000e+03
1.536145765430000067e+09 2.412000000000000000e+03
1.536145839434999943e+09 2.556000000000000000e+03
1.536195627578000069e+09 1.300000000000000000e+01
1.536195924596999884e+09 1.090000000000000000e+02
1.536195999601000071e+09 2.530000000000000000e+02
1.536196073605999947e+09 3.960000000000000000e+02
1.536196148609999895e+09 5.400000000000000000e+02
1.536196222615000010e+09 6.360000000000000000e+02
1.536196296619999886e+09 7.800000000000000000e+02
1.536196371624000072e+09 9.240000000000000000e+02
1.536196445628999949e+09 1.068000000000000000e+03
1.536196520634000063e+09 1.212000000000000000e+03
1.536196594638999939e+09 1.308000000000000000e+03
1.536196668644000053e+09 1.452000000000000000e+03
1.536196743648999929e+09 1.596000000000000000e+03
1.536196817653000116e+09 1.740000000000000000e+03
1.536196892657999992e+09 1.884000000000000000e+03
1.536196966663000107e+09 1.980000000000000000e+03
1.536197040667999983e+09 2.124000000000000000e+03
1.536197115673000097e+09 2.268000000000000000e+03
1.536197189677999973e+09 2.412000000000000000e+03
1.536197264683000088e+09 2.556000000000000000e+03
1.536236920204999924e+09 1.300000000000000000e+01
1.536237032211999893e+09 1.090000000000000000e+02
1.536237144217999935e+09 2.530000000000000000e+02
1.536237218223000050e+09 3.960000000000000000e+02
1.536237292227999926e+09 5.400000000000000000e+02
1.536237367232000113e+09 6.360000000000000000e+02
1.536237441236999989e+09 7.800000000000000000e+02
1.536237516242000103e+09 9.240000000000000000e+02
1.536237590246000051e+09 1.068000000000000000e+03
1.536237664250999928e+09 1.212000000000000000e+03
1.536237739256000042e+09 1.308000000000000000e+03
1.536237813260999918e+09 1.452000000000000000e+03
1.536237888265000105e+09 1.596000000000000000e+03
1.536237962269999981e+09 1.740000000000000000e+03
1.536238036273999929e+09 1.884000000000000000e+03
1.536238111279000044e+09 1.980000000000000000e+03
1.536238185283999920e+09 2.124000000000000000e+03
1.536238260288000107e+09 2.268000000000000000e+03
1.536238334292999983e+09 2.412000000000000000e+03
1.536238408296999931e+09 2.556000000000000000e+03
1.536278325799000025e+09 1.300000000000000000e+01
1.536278399802999973e+09 1.090000000000000000e+02
1.536278473808000088e+09 2.530000000000000000e+02
1.536278548812000036e+09 3.960000000000000000e+02
1.536278622816999912e+09 5.400000000000000000e+02
1.536278697821000099e+09 6.360000000000000000e+02
1.536278771825999975e+09 7.800000000000000000e+02
1.536278845829999924e+09 9.240000000000000000e+02
1.536278920835000038e+09 1.068000000000000000e+03
1.536278994838999987e+09 1.212000000000000000e+03
1.536279069844000101e+09 1.308000000000000000e+03
1.536279143848000050e+09 1.452000000000000000e+03
1.536279217851999998e+09 1.596000000000000000e+03
1.536279292857000113e+09 1.740000000000000000e+03
1.536279366861999989e+09 1.884000000000000000e+03
1.536279441867000103e+09 1.980000000000000000e+03
1.536279515871999979e+09 2.124000000000000000e+03
1.536279589875999928e+09 2.268000000000000000e+03
1.536279664881000042e+09 2.412000000000000000e+03
1.536279738884999990e+09 2.556000000000000000e+03
1.536314340062000036e+09 1.300000000000000000e+01
1.536314451069000006e+09 1.090000000000000000e+02
1.536314563075999975e+09 2.530000000000000000e+02
1.536314637081000090e+09 3.960000000000000000e+02
1.536314712085999966e+09 5.400000000000000000e+02
1.536314786089999914e+09 6.360000000000000000e+02
1.536314861094000101e+09 7.800000000000000000e+02
1.536314935098000050e+09 9.240000000000000000e+02
1.536315009102999926e+09 1.068000000000000000e+03
1.536315084107000113e+09 1.212000000000000000e+03
1.536315158111999989e+09 1.308000000000000000e+03
1.536315232115999937e+09 1.452000000000000000e+03
1.536315307121000051e+09 1.596000000000000000e+03
1.536315381125000000e+09 1.740000000000000000e+03
1.536315456130000114e+09 1.884000000000000000e+03
1.536315530134000063e+09 1.980000000000000000e+03
1.536315604138999939e+09 2.124000000000000000e+03
1.536315753148000002e+09 2.268000000000000000e+03
1.536315828151999950e+09 2.412000000000000000e+03
1.536315865154999971e+09 2.556000000000000000e+03
1.536337984516000032e+09 1.300000000000000000e+01
1.536338058520999908e+09 1.090000000000000000e+02
1.536338133525000095e+09 2.530000000000000000e+02
1.536338207529999971e+09 3.960000000000000000e+02
1.536338282535000086e+09 5.400000000000000000e+02
1.536338356539000034e+09 6.360000000000000000e+02
1.536338430543999910e+09 7.800000000000000000e+02
1.536338505549000025e+09 9.240000000000000000e+02
1.536338579552999973e+09 1.068000000000000000e+03
1.536338654558000088e+09 1.212000000000000000e+03
1.536338728562999964e+09 1.308000000000000000e+03
1.536338802566999912e+09 1.452000000000000000e+03
1.536338877572000027e+09 1.596000000000000000e+03
1.536338951576999903e+09 1.740000000000000000e+03
1.536339026581000090e+09 1.884000000000000000e+03
1.536339100585999966e+09 1.980000000000000000e+03
1.536339174589999914e+09 2.124000000000000000e+03
1.536339249595000029e+09 2.268000000000000000e+03
1.536339323599999905e+09 2.412000000000000000e+03
1.536339398605000019e+09 2.556000000000000000e+03
1.536339398605000019e+09 2.556000000000000000e+03
1.536364880206000090e+09 1.300000000000000000e+01
1.536364954210999966e+09 1.090000000000000000e+02
1.536365289230999947e+09 2.530000000000000000e+02
1.536365364236000061e+09 3.960000000000000000e+02
1.536365438240999937e+09 5.400000000000000000e+02
1.536365512244999886e+09 6.360000000000000000e+02
1.536365587250000000e+09 7.800000000000000000e+02
1.536365661255000114e+09 9.240000000000000000e+02
1.536365736259999990e+09 1.068000000000000000e+03
1.536365810265000105e+09 1.212000000000000000e+03
1.536365884269000053e+09 1.308000000000000000e+03
1.536365959273999929e+09 1.452000000000000000e+03
1.536366033279000044e+09 1.596000000000000000e+03
1.536366108282999992e+09 1.740000000000000000e+03
1.536366182288000107e+09 1.884000000000000000e+03
1.536366331296999931e+09 1.980000000000000000e+03
1.536366405301000118e+09 2.124000000000000000e+03
1.536366479305000067e+09 2.268000000000000000e+03
1.536366554311000109e+09 2.412000000000000000e+03
1.536366628315000057e+09 2.556000000000000000e+03
1.536477962290999889e+09 1.300000000000000000e+01
1.536478036295000076e+09 1.090000000000000000e+02
1.536478111299999952e+09 2.530000000000000000e+02
1.536478185305000067e+09 3.960000000000000000e+02
1.536478259309000015e+09 5.400000000000000000e+02
1.536478334313999891e+09 6.360000000000000000e+02
1.536478408318000078e+09 7.800000000000000000e+02
1.536478483322999954e+09 9.240000000000000000e+02
1.536478557326999903e+09 1.068000000000000000e+03
1.536478631331000090e+09 1.212000000000000000e+03
1.536478706335999966e+09 1.308000000000000000e+03
1.536478780341000080e+09 1.452000000000000000e+03
1.536478855345000029e+09 1.596000000000000000e+03
1.536478929348999977e+09 1.740000000000000000e+03
1.536479003354000092e+09 1.884000000000000000e+03
1.536479078358999968e+09 1.980000000000000000e+03
1.536479152362999916e+09 2.124000000000000000e+03
1.536479227368000031e+09 2.268000000000000000e+03
1.536479301371999979e+09 2.412000000000000000e+03
1.536479375377000093e+09 2.556000000000000000e+03
1.536504008917000055e+09 1.300000000000000000e+01
1.536504194928999901e+09 1.090000000000000000e+02
1.536504269934000015e+09 2.530000000000000000e+02
1.536504604957000017e+09 3.960000000000000000e+02
1.536504678961999893e+09 5.400000000000000000e+02
1.536504752967000008e+09 6.360000000000000000e+02
1.536504827971999884e+09 7.800000000000000000e+02
1.536504901976000071e+09 9.240000000000000000e+02
1.536504976980999947e+09 1.068000000000000000e+03
1.536505050986999989e+09 1.212000000000000000e+03
1.536505124992000103e+09 1.308000000000000000e+03
1.536505199996999979e+09 1.452000000000000000e+03
1.536505274002000093e+09 1.596000000000000000e+03
1.536505349007999897e+09 1.740000000000000000e+03
1.536505423013000011e+09 1.884000000000000000e+03
1.536505497016999960e+09 1.980000000000000000e+03
1.536505572022000074e+09 2.124000000000000000e+03
1.536505646026999950e+09 2.268000000000000000e+03
1.536505721032999992e+09 2.412000000000000000e+03
1.536505795036999941e+09 2.556000000000000000e+03
1.536545864559999943e+09 1.300000000000000000e+01
1.536545975566999912e+09 1.090000000000000000e+02
1.536546124575999975e+09 2.530000000000000000e+02
1.536546198579999924e+09 3.960000000000000000e+02
1.536546273585000038e+09 5.400000000000000000e+02
1.536546347589999914e+09 6.360000000000000000e+02
1.536546422595000029e+09 7.800000000000000000e+02
1.536546496599999905e+09 9.240000000000000000e+02
1.536546570604000092e+09 1.068000000000000000e+03
1.536546645608999968e+09 1.212000000000000000e+03
1.536546719612999916e+09 1.308000000000000000e+03
1.536546794618000031e+09 1.452000000000000000e+03
1.536546868621999979e+09 1.596000000000000000e+03
1.536546942627000093e+09 1.740000000000000000e+03
1.536547017631000042e+09 1.884000000000000000e+03
1.536547091634999990e+09 1.980000000000000000e+03
1.536547240644999981e+09 2.124000000000000000e+03
1.536547314648999929e+09 2.268000000000000000e+03
1.536547389654000044e+09 2.412000000000000000e+03
1.536547426655999899e+09 2.556000000000000000e+03
1.536730555170000076e+09 2.000000000000000000e+00
1.536730741180999994e+09 2.000000000000000000e+00
1.536904031091000080e+09 2.000000000000000000e+00
1.536904142098000050e+09 2.000000000000000000e+00
1.536953988256000042e+09 1.300000000000000000e+01
1.536954372279999971e+09 6.100000000000000000e+01
1.536986182342000008e+09 2.000000000000000000e+00
1.536986331351000071e+09 1.400000000000000000e+01
1.536986443358999968e+09 1.580000000000000000e+02
1.536986517362999916e+09 3.010000000000000000e+02
1.536986591368000031e+09 4.450000000000000000e+02
1.536986666371999979e+09 5.890000000000000000e+02
1.536986740377000093e+09 7.330000000000000000e+02
1.537025590907000065e+09 1.300000000000000000e+01
1.537025738917000055e+09 6.100000000000000000e+01
1.537025813921999931e+09 1.090000000000000000e+02
1.537025887927000046e+09 1.560000000000000000e+02
1.537025962931999922e+09 2.040000000000000000e+02
1.537026036937000036e+09 2.520000000000000000e+02
1.537026110941999912e+09 3.000000000000000000e+02
1.537026185947000027e+09 3.480000000000000000e+02
1.537026259950999975e+09 3.960000000000000000e+02
1.537026334956000090e+09 4.440000000000000000e+02
1.537026408960999966e+09 4.920000000000000000e+02
1.537026482966000080e+09 5.400000000000000000e+02
1.537026557970999956e+09 5.880000000000000000e+02
1.537026631976000071e+09 6.360000000000000000e+02
1.537026706980999947e+09 6.840000000000000000e+02
1.537026780986000061e+09 7.320000000000000000e+02
1.537026854990999937e+09 7.800000000000000000e+02
1.537026929996000051e+09 8.280000000000000000e+02
1.537027004000000000e+09 8.760000000000000000e+02
1.537027079005000114e+09 9.240000000000000000e+02
1.537033735438999891e+09 2.000000000000000000e+00
1.537034032457999945e+09 3.000000000000000000e+00
1.537034107463000059e+09 4.000000000000000000e+00
1.537034181467000008e+09 5.000000000000000000e+00
1.537034255471999884e+09 6.000000000000000000e+00
1.537034330476999998e+09 7.000000000000000000e+00
1.537034404480999947e+09 8.000000000000000000e+00
1.537034479486000061e+09 9.000000000000000000e+00
1.537034553490999937e+09 1.000000000000000000e+01
1.537034627496000051e+09 1.100000000000000000e+01
1.537034702500999928e+09 1.200000000000000000e+01
1.537034850510999918e+09 1.300000000000000000e+01
1.537034999519999981e+09 1.400000000000000000e+01
1.537035074525000095e+09 1.500000000000000000e+01
1.537035148529999971e+09 1.600000000000000000e+01
1.537035222533999920e+09 1.700000000000000000e+01
1.537035260536999941e+09 1.800000000000000000e+01
1.537035297539000034e+09 1.900000000000000000e+01
1.537035334542000055e+09 2.000000000000000000e+01
1.537075460144000053e+09 2.000000000000000000e+00
1.537083855661999941e+09 2.000000000000000000e+00
1.537084004671999931e+09 3.000000000000000000e+00
1.537084190684000015e+09 4.000000000000000000e+00
1.537126832358000040e+09 2.000000000000000000e+00
1.537126943365000010e+09 3.000000000000000000e+00
1.537129830546999931e+09 1.000000000000000000e+00
1.537131318640000105e+09 1.000000000000000000e+00
1.537655144536999941e+09 2.000000000000000000e+00
1.537672072586999893e+09 2.000000000000000000e+00
1.537682328223000050e+09 2.000000000000000000e+00
1.537697424147000074e+09 2.000000000000000000e+00
1.537697572155999899e+09 1.300000000000000000e+01
1.537697721164999962e+09 1.400000000000000000e+01
1.537697796168999910e+09 2.600000000000000000e+01
1.537697870174000025e+09 3.800000000000000000e+01
1.537697944177999973e+09 3.900000000000000000e+01
1.537698019183000088e+09 5.100000000000000000e+01
1.537698093187999964e+09 6.300000000000000000e+01
1.537698168191999912e+09 7.500000000000000000e+01
1.537720986588999987e+09 1.300000000000000000e+01
1.537721098595999956e+09 2.500000000000000000e+01
1.537721284607000113e+09 7.300000000000000000e+01
1.537721358611999989e+09 1.210000000000000000e+02
1.537721433615999937e+09 1.690000000000000000e+02
1.537721507621000051e+09 1.690000000000000000e+02
1.537721582625000000e+09 2.170000000000000000e+02
1.537721656630000114e+09 2.650000000000000000e+02
1.537721730634000063e+09 3.130000000000000000e+02
1.537721805638999939e+09 3.140000000000000000e+02
1.537722660690999985e+09 1.300000000000000000e+01
1.537722772697999954e+09 2.500000000000000000e+01
1.537722958709000111e+09 7.300000000000000000e+01
1.537723032713999987e+09 1.210000000000000000e+02
1.537723107717999935e+09 1.690000000000000000e+02
1.537723181723000050e+09 1.690000000000000000e+02
1.537723553746000051e+09 2.170000000000000000e+02
1.537723627750000000e+09 2.650000000000000000e+02
1.537723813762000084e+09 3.130000000000000000e+02
1.537723888766999960e+09 3.140000000000000000e+02
1.537723962770999908e+09 3.620000000000000000e+02
1.537724037776000023e+09 4.100000000000000000e+02
1.537724074778000116e+09 4.580000000000000000e+02
1.537724111780999899e+09 4.590000000000000000e+02
1.537724148782999992e+09 5.070000000000000000e+02
1.537724185785000086e+09 5.550000000000000000e+02
1.537724223788000107e+09 6.030000000000000000e+02
1.537749935375000000e+09 1.300000000000000000e+01
1.537750010380000114e+09 2.500000000000000000e+01
1.537750270395999908e+09 1.690000000000000000e+02
1.537750345400000095e+09 3.120000000000000000e+02
1.537750419404999971e+09 3.130000000000000000e+02
1.537750493408999920e+09 4.570000000000000000e+02
1.537750568414000034e+09 6.010000000000000000e+02
1.537750642418999910e+09 6.490000000000000000e+02
1.537750717423000097e+09 6.500000000000000000e+02
1.537750791427000046e+09 7.940000000000000000e+02
1.537750865431999922e+09 9.380000000000000000e+02
1.537750940436000109e+09 9.390000000000000000e+02
1.537751014440999985e+09 1.083000000000000000e+03
1.537751089446000099e+09 1.227000000000000000e+03
1.537792386987999916e+09 1.300000000000000000e+01
1.537792460993000031e+09 1.090000000000000000e+02
1.537792535997999907e+09 2.530000000000000000e+02
1.537792610003000021e+09 3.960000000000000000e+02
1.537792685006999969e+09 5.400000000000000000e+02
1.537792759012000084e+09 6.360000000000000000e+02
1.537792833016999960e+09 7.800000000000000000e+02
1.537792908020999908e+09 9.240000000000000000e+02
1.537792982026000023e+09 1.068000000000000000e+03
1.537793057030999899e+09 1.212000000000000000e+03
1.537793057030999899e+09 1.212000000000000000e+03
1.537793131036000013e+09 1.308000000000000000e+03
1.537793205040999889e+09 1.452000000000000000e+03
1.537793280046000004e+09 1.596000000000000000e+03
1.537793354051000118e+09 1.740000000000000000e+03
1.537793429055999994e+09 1.884000000000000000e+03
1.537793503061000109e+09 1.980000000000000000e+03
1.537793577065999985e+09 2.124000000000000000e+03
1.537793726075000048e+09 2.268000000000000000e+03
1.537793801079999924e+09 2.412000000000000000e+03
1.537793875084000111e+09 2.556000000000000000e+03
1.537841966055000067e+09 1.300000000000000000e+01
1.537842041059999943e+09 1.090000000000000000e+02
1.537842115065000057e+09 2.530000000000000000e+02
1.537842189069999933e+09 3.960000000000000000e+02
1.537842264073999882e+09 5.400000000000000000e+02
1.537842375081000090e+09 6.360000000000000000e+02
1.537842450085000038e+09 7.800000000000000000e+02
1.537842524089999914e+09 9.240000000000000000e+02
1.537842599094000101e+09 1.068000000000000000e+03
1.537842673098999977e+09 1.212000000000000000e+03
1.537842747102999926e+09 1.308000000000000000e+03
1.537842822108000040e+09 1.452000000000000000e+03
1.537842896112999916e+09 1.596000000000000000e+03
1.537842970117000103e+09 1.740000000000000000e+03
1.537843045121999979e+09 1.884000000000000000e+03
1.537843119125999928e+09 1.980000000000000000e+03
1.537843194131000042e+09 2.124000000000000000e+03
1.537843268134999990e+09 2.268000000000000000e+03
1.537843342140000105e+09 2.412000000000000000e+03
1.537843417144000053e+09 2.556000000000000000e+03
1.537892197145999908e+09 2.000000000000000000e+00
1.537892308153000116e+09 3.000000000000000000e+00
1.537892532165999889e+09 4.000000000000000000e+00
1.537892643173000097e+09 5.000000000000000000e+00
1.537892718177999973e+09 6.000000000000000000e+00
1.537892792181999922e+09 7.000000000000000000e+00
1.537892866187000036e+09 8.000000000000000000e+00
1.537892941190999985e+09 9.000000000000000000e+00
1.537893090200000048e+09 1.000000000000000000e+01
1.537893201207000017e+09 1.100000000000000000e+01
1.537893313213999987e+09 1.200000000000000000e+01
1.537893387217999935e+09 1.300000000000000000e+01
1.537909659217000008e+09 1.300000000000000000e+01
1.537909734220999956e+09 1.090000000000000000e+02
1.537909920232000113e+09 2.530000000000000000e+02
1.537909994236000061e+09 3.960000000000000000e+02
1.537910068240000010e+09 5.400000000000000000e+02
1.537910143243999958e+09 6.360000000000000000e+02
1.537910217249000072e+09 7.800000000000000000e+02
1.537910292253000021e+09 9.240000000000000000e+02
1.537910366257999897e+09 1.068000000000000000e+03
1.537910440262000084e+09 1.212000000000000000e+03
1.537910552269000053e+09 1.308000000000000000e+03
1.537910626273999929e+09 1.452000000000000000e+03
1.537910701278000116e+09 1.596000000000000000e+03
1.537910775282000065e+09 1.740000000000000000e+03
1.537910850286999941e+09 1.884000000000000000e+03
1.537910924292000055e+09 1.980000000000000000e+03
1.537910998296000004e+09 2.124000000000000000e+03
1.537911073299999952e+09 2.268000000000000000e+03
1.537911147305000067e+09 2.412000000000000000e+03
1.537911221309000015e+09 2.556000000000000000e+03
1.538121412226000071e+09 1.300000000000000000e+01
1.538121710243999958e+09 1.090000000000000000e+02
1.538121784247999907e+09 2.530000000000000000e+02
1.538121859253000021e+09 3.960000000000000000e+02
1.538121933256999969e+09 5.400000000000000000e+02
1.538122008262000084e+09 6.360000000000000000e+02
1.538122082266999960e+09 7.800000000000000000e+02
1.538122156270999908e+09 9.240000000000000000e+02
1.538122231276000023e+09 1.068000000000000000e+03
1.538122305279999971e+09 1.212000000000000000e+03
1.538122380285000086e+09 1.308000000000000000e+03
1.538122454289999962e+09 1.452000000000000000e+03
1.538122528293999910e+09 1.596000000000000000e+03
1.538122603299000025e+09 1.740000000000000000e+03
1.538122677303999901e+09 1.884000000000000000e+03
1.538122751309000015e+09 1.980000000000000000e+03
1.538122826312999964e+09 2.124000000000000000e+03
1.538122900318000078e+09 2.268000000000000000e+03
1.538122975322000027e+09 2.412000000000000000e+03
1.538123049326999903e+09 2.556000000000000000e+03
1.538180842857000113e+09 1.300000000000000000e+01
1.538181400891000032e+09 1.090000000000000000e+02
1.538181511898000002e+09 2.530000000000000000e+02
1.538181586903000116e+09 3.960000000000000000e+02
1.538181660907999992e+09 5.400000000000000000e+02
1.538181734913000107e+09 6.360000000000000000e+02
1.538181809917999983e+09 7.800000000000000000e+02
1.538181883921999931e+09 9.240000000000000000e+02
1.538181958927000046e+09 1.068000000000000000e+03
1.538182032931999922e+09 1.212000000000000000e+03
1.538182106937000036e+09 1.308000000000000000e+03
1.538182181941999912e+09 1.452000000000000000e+03
1.538182255946000099e+09 1.596000000000000000e+03
1.538182330950999975e+09 1.740000000000000000e+03
1.538182404956000090e+09 1.884000000000000000e+03
1.538182478960000038e+09 1.980000000000000000e+03
1.538182553966000080e+09 2.124000000000000000e+03
1.538182627970999956e+09 2.268000000000000000e+03
1.538182702976000071e+09 2.412000000000000000e+03
1.538182739977999926e+09 2.556000000000000000e+03
1.538233524105999947e+09 1.300000000000000000e+01
1.538233747119999886e+09 1.090000000000000000e+02
1.538233821124000072e+09 2.530000000000000000e+02
1.538233896128000021e+09 3.960000000000000000e+02
1.538233970131999969e+09 5.400000000000000000e+02
1.538234044137000084e+09 6.360000000000000000e+02
1.538234119141999960e+09 7.800000000000000000e+02
1.538234193145999908e+09 9.240000000000000000e+02
1.538234268150000095e+09 1.068000000000000000e+03
1.538234342154999971e+09 1.212000000000000000e+03
1.538234416158999920e+09 1.308000000000000000e+03
1.538234491164000034e+09 1.452000000000000000e+03
1.538234565167999983e+09 1.596000000000000000e+03
1.538234640173000097e+09 1.740000000000000000e+03
1.538234714177000046e+09 1.884000000000000000e+03
1.538234788181999922e+09 1.980000000000000000e+03
1.538234863186000109e+09 2.124000000000000000e+03
1.538234937190999985e+09 2.268000000000000000e+03
1.538235012196000099e+09 2.412000000000000000e+03
1.538235086200000048e+09 2.556000000000000000e+03
1.538242034615999937e+09 1.300000000000000000e+01
1.538242220628000021e+09 1.090000000000000000e+02
1.538242294631999969e+09 2.530000000000000000e+02
1.538242368637000084e+09 3.960000000000000000e+02
1.538242443641999960e+09 5.400000000000000000e+02
1.538242517645999908e+09 6.360000000000000000e+02
1.538242592651000023e+09 7.800000000000000000e+02
1.538242666654999971e+09 9.240000000000000000e+02
1.538242740660000086e+09 1.068000000000000000e+03
1.538242815664999962e+09 1.212000000000000000e+03
1.538242889668999910e+09 1.308000000000000000e+03
1.538242964674000025e+09 1.452000000000000000e+03
1.538243038678999901e+09 1.596000000000000000e+03
1.538243112683000088e+09 1.740000000000000000e+03
1.538243187687999964e+09 1.884000000000000000e+03
1.538243261691999912e+09 1.980000000000000000e+03
1.538243335697000027e+09 2.124000000000000000e+03
1.538243410701999903e+09 2.268000000000000000e+03
1.538243484707000017e+09 2.412000000000000000e+03
1.538243559710999966e+09 2.556000000000000000e+03
1.538299904171000004e+09 1.300000000000000000e+01
1.538301972295000076e+09 1.090000000000000000e+02
1.538302083302000046e+09 2.530000000000000000e+02
1.538302157305999994e+09 3.960000000000000000e+02
1.538302232309999943e+09 5.400000000000000000e+02
1.538302306315000057e+09 6.360000000000000000e+02
1.538302381319000006e+09 7.800000000000000000e+02
1.538302529328000069e+09 9.240000000000000000e+02
1.538302604332000017e+09 1.068000000000000000e+03
1.538302678336999893e+09 1.212000000000000000e+03
1.538302753341000080e+09 1.308000000000000000e+03
1.538302827345999956e+09 1.452000000000000000e+03
1.538302901349999905e+09 1.596000000000000000e+03
1.538302976355000019e+09 1.740000000000000000e+03
1.538303050358999968e+09 1.884000000000000000e+03
1.538303125362999916e+09 1.980000000000000000e+03
1.538303199368000031e+09 2.124000000000000000e+03
1.538303273371999979e+09 2.268000000000000000e+03
1.538303348377000093e+09 2.412000000000000000e+03
1.538303422381000042e+09 2.556000000000000000e+03
1.538332242164000034e+09 1.300000000000000000e+01
1.538332800201999903e+09 1.090000000000000000e+02
1.538332911209000111e+09 2.530000000000000000e+02
1.538332986213000059e+09 3.960000000000000000e+02
1.538333060217999935e+09 5.400000000000000000e+02
1.538333134223000050e+09 6.360000000000000000e+02
1.538333209227999926e+09 7.800000000000000000e+02
1.538333358236000061e+09 9.240000000000000000e+02
1.538333432240000010e+09 1.068000000000000000e+03
1.538333506244999886e+09 1.212000000000000000e+03
1.538333581249000072e+09 1.308000000000000000e+03
1.538333655253000021e+09 1.452000000000000000e+03
1.538333730257999897e+09 1.596000000000000000e+03
1.538333804262000084e+09 1.740000000000000000e+03
1.538333878266000032e+09 1.884000000000000000e+03
1.538333953269999981e+09 1.980000000000000000e+03
1.538334027275000095e+09 2.124000000000000000e+03
1.538334102279000044e+09 2.268000000000000000e+03
1.538334176282999992e+09 2.412000000000000000e+03
1.538334250288000107e+09 2.556000000000000000e+03
1.538374500743000031e+09 1.300000000000000000e+01
1.538374909769000053e+09 1.090000000000000000e+02
1.538374984773000002e+09 2.530000000000000000e+02
1.538375133782999992e+09 3.960000000000000000e+02
1.538375207786999941e+09 5.400000000000000000e+02
1.538375281792000055e+09 6.360000000000000000e+02
1.538375356796000004e+09 7.800000000000000000e+02
1.538375430801000118e+09 9.240000000000000000e+02
1.538375505805000067e+09 1.068000000000000000e+03
1.538375579809999943e+09 1.212000000000000000e+03
1.538375653815000057e+09 1.308000000000000000e+03
1.538375728819000006e+09 1.452000000000000000e+03
1.538375802823999882e+09 1.596000000000000000e+03
1.538375877828999996e+09 1.740000000000000000e+03
1.538375951832999945e+09 1.884000000000000000e+03
1.538376025838000059e+09 1.980000000000000000e+03
1.538376100842000008e+09 2.124000000000000000e+03
1.538376174846999884e+09 2.268000000000000000e+03
1.538376249851000071e+09 2.412000000000000000e+03
1.538376323855999947e+09 2.556000000000000000e+03
1.538432048295000076e+09 1.300000000000000000e+01
1.538432211305000067e+09 1.090000000000000000e+02
1.538432293309999943e+09 2.530000000000000000e+02
1.538432374315000057e+09 3.960000000000000000e+02
1.538432456319999933e+09 5.400000000000000000e+02
1.538432537323999882e+09 6.360000000000000000e+02
1.538432619328999996e+09 7.800000000000000000e+02
1.538432701335000038e+09 9.240000000000000000e+02
1.538432782338999987e+09 1.068000000000000000e+03
1.538432864344000101e+09 1.212000000000000000e+03
1.538432945348999977e+09 1.308000000000000000e+03
1.538433027354000092e+09 1.452000000000000000e+03
1.538433109358999968e+09 1.596000000000000000e+03
1.538433272368999958e+09 1.740000000000000000e+03
1.538433353374000072e+09 1.884000000000000000e+03
1.538433435378999949e+09 1.980000000000000000e+03
1.538433517382999897e+09 2.124000000000000000e+03
1.538433598388000011e+09 2.268000000000000000e+03
1.538433680392999887e+09 2.412000000000000000e+03
1.538433761398000002e+09 2.556000000000000000e+03
1.538570757799999952e+09 1.300000000000000000e+01
1.538571093819999933e+09 1.090000000000000000e+02
1.538571193825999975e+09 2.530000000000000000e+02
1.538571294832000017e+09 3.960000000000000000e+02
1.538571361835999966e+09 5.400000000000000000e+02
1.538571429839999914e+09 6.360000000000000000e+02
1.538571496844000101e+09 7.800000000000000000e+02
1.538571563848999977e+09 9.240000000000000000e+02
1.538571630854000092e+09 1.068000000000000000e+03
1.538571697858000040e+09 1.212000000000000000e+03
1.538571765862999916e+09 1.308000000000000000e+03
1.538571832867000103e+09 1.452000000000000000e+03
1.538571899871000051e+09 1.596000000000000000e+03
1.538571966875999928e+09 1.740000000000000000e+03
1.538572033880000114e+09 1.884000000000000000e+03
1.538572101884000063e+09 1.980000000000000000e+03
1.538572168888000011e+09 2.124000000000000000e+03
1.538572235891999960e+09 2.268000000000000000e+03
1.538572302894999981e+09 2.412000000000000000e+03
1.538572369900000095e+09 2.556000000000000000e+03
1.538613158413000107e+09 1.300000000000000000e+01
1.538613493433000088e+09 1.090000000000000000e+02
1.538613567437999964e+09 2.530000000000000000e+02
1.538613641441999912e+09 3.960000000000000000e+02
1.538613716447000027e+09 5.400000000000000000e+02
1.538613790450999975e+09 6.360000000000000000e+02
1.538613865456000090e+09 7.800000000000000000e+02
1.538613939460000038e+09 9.240000000000000000e+02
1.538614013464999914e+09 1.068000000000000000e+03
1.538614088469000101e+09 1.212000000000000000e+03
1.538614162473999977e+09 1.308000000000000000e+03
1.538614237477999926e+09 1.452000000000000000e+03
1.538614311483000040e+09 1.596000000000000000e+03
1.538614385486999989e+09 1.740000000000000000e+03
1.538614460490999937e+09 1.884000000000000000e+03
1.538614534496000051e+09 1.980000000000000000e+03
1.538614609500000000e+09 2.124000000000000000e+03
1.538614683505000114e+09 2.268000000000000000e+03
1.538614757509000063e+09 2.412000000000000000e+03
1.538614832513999939e+09 2.556000000000000000e+03
1.538687022085000038e+09 1.300000000000000000e+01
1.538687319101000071e+09 1.090000000000000000e+02
1.538687394105000019e+09 2.530000000000000000e+02
1.538687468108999968e+09 3.960000000000000000e+02
1.538687542112999916e+09 5.400000000000000000e+02
1.538687617118000031e+09 6.360000000000000000e+02
1.538687691121999979e+09 7.800000000000000000e+02
1.538687766125999928e+09 9.240000000000000000e+02
1.538687840130000114e+09 1.068000000000000000e+03
1.538687914134000063e+09 1.212000000000000000e+03
1.538687989138000011e+09 1.308000000000000000e+03
1.538688063142999887e+09 1.452000000000000000e+03
1.538688138147000074e+09 1.596000000000000000e+03
1.538688212151000023e+09 1.740000000000000000e+03
1.538688286154999971e+09 1.884000000000000000e+03
1.538688361160000086e+09 1.980000000000000000e+03
1.538688435164000034e+09 2.124000000000000000e+03
1.538688510167999983e+09 2.268000000000000000e+03
1.538688584173000097e+09 2.412000000000000000e+03
1.538688658177000046e+09 2.556000000000000000e+03
1.538688658177000046e+09 2.556000000000000000e+03
1.538865561819000006e+09 1.300000000000000000e+01
1.538865933841000080e+09 1.090000000000000000e+02
1.538866044848000050e+09 2.530000000000000000e+02
1.538866119852999926e+09 3.960000000000000000e+02
1.538866193857000113e+09 5.400000000000000000e+02
1.538866267861999989e+09 6.360000000000000000e+02
1.538866342865999937e+09 7.800000000000000000e+02
1.538866416871000051e+09 9.240000000000000000e+02
1.538866491875000000e+09 1.068000000000000000e+03
1.538866565880000114e+09 1.212000000000000000e+03
1.538866639884000063e+09 1.308000000000000000e+03
1.538866714888999939e+09 1.452000000000000000e+03
1.538866788892999887e+09 1.596000000000000000e+03
1.538866863898000002e+09 1.740000000000000000e+03
1.538866937903000116e+09 1.884000000000000000e+03
1.538867011907999992e+09 1.980000000000000000e+03
1.538867086913000107e+09 2.124000000000000000e+03
1.538867160917999983e+09 2.268000000000000000e+03
1.538867234921999931e+09 2.412000000000000000e+03
1.538867309927000046e+09 2.556000000000000000e+03
1.538943393575000048e+09 1.300000000000000000e+01
1.538943802598999977e+09 1.090000000000000000e+02
1.538943876602999926e+09 2.530000000000000000e+02
1.538943951608000040e+09 3.960000000000000000e+02
1.538944025611999989e+09 5.400000000000000000e+02
1.538944100617000103e+09 6.360000000000000000e+02
1.538944174621999979e+09 7.800000000000000000e+02
1.538944248625999928e+09 9.240000000000000000e+02
1.538944323631000042e+09 1.068000000000000000e+03
1.538944397634999990e+09 1.212000000000000000e+03
1.538944472640000105e+09 1.308000000000000000e+03
1.538944546644000053e+09 1.452000000000000000e+03
1.538944620648999929e+09 1.596000000000000000e+03
1.538944695653000116e+09 1.740000000000000000e+03
1.538944769657999992e+09 1.884000000000000000e+03
1.538944844663000107e+09 1.980000000000000000e+03
1.538944918667000055e+09 2.124000000000000000e+03
1.538944992671999931e+09 2.268000000000000000e+03
1.538945067676000118e+09 2.412000000000000000e+03
1.538945141680999994e+09 2.556000000000000000e+03
1.538957404436000109e+09 1.300000000000000000e+01
1.538957776459000111e+09 1.090000000000000000e+02
1.538957925467999935e+09 2.530000000000000000e+02
1.538957999471999884e+09 3.960000000000000000e+02
1.538958074476999998e+09 5.400000000000000000e+02
1.538958148480999947e+09 6.360000000000000000e+02
1.538958223486000061e+09 7.800000000000000000e+02
1.538958297490000010e+09 9.240000000000000000e+02
1.538958371493999958e+09 1.068000000000000000e+03
1.538958446499000072e+09 1.212000000000000000e+03
1.538958520503000021e+09 1.308000000000000000e+03
1.538958595507999897e+09 1.452000000000000000e+03
1.538958669513000011e+09 1.596000000000000000e+03
1.538958743516999960e+09 1.740000000000000000e+03
1.538958818522000074e+09 1.884000000000000000e+03
1.538958892526000023e+09 1.980000000000000000e+03
1.538958966530999899e+09 2.124000000000000000e+03
1.538959041536000013e+09 2.268000000000000000e+03
1.538959115539999962e+09 2.412000000000000000e+03
1.538959190545000076e+09 2.556000000000000000e+03
1.539035274211999893e+09 1.300000000000000000e+01
1.539035608232000113e+09 1.090000000000000000e+02
1.539035683236000061e+09 2.530000000000000000e+02
1.539035757240999937e+09 3.960000000000000000e+02
1.539035832244999886e+09 5.400000000000000000e+02
1.539035906250000000e+09 6.360000000000000000e+02
1.539035980253999949e+09 7.800000000000000000e+02
1.539036055259000063e+09 9.240000000000000000e+02
1.539036129263000011e+09 1.068000000000000000e+03
1.539036204267999887e+09 1.212000000000000000e+03
1.539036278272000074e+09 1.308000000000000000e+03
1.539036352276000023e+09 1.452000000000000000e+03
1.539036427280999899e+09 1.596000000000000000e+03
1.539036650292999983e+09 1.740000000000000000e+03
1.539036724298000097e+09 1.884000000000000000e+03
1.539036799302000046e+09 1.980000000000000000e+03
1.539036873305999994e+09 2.124000000000000000e+03
1.539036947311000109e+09 2.268000000000000000e+03
1.539037022315000057e+09 2.412000000000000000e+03
1.539037096319000006e+09 2.556000000000000000e+03
1.539097495026000023e+09 1.300000000000000000e+01
1.539097793046000004e+09 1.090000000000000000e+02
1.539097904052999973e+09 2.530000000000000000e+02
1.539098016061000109e+09 3.960000000000000000e+02
1.539098090065999985e+09 5.400000000000000000e+02
1.539098165069999933e+09 6.360000000000000000e+02
1.539098239075000048e+09 7.800000000000000000e+02
1.539098313078999996e+09 9.240000000000000000e+02
1.539098388082999945e+09 1.068000000000000000e+03
1.539098462088000059e+09 1.212000000000000000e+03
1.539098537092000008e+09 1.308000000000000000e+03
1.539098611096999884e+09 1.452000000000000000e+03
1.539098685101000071e+09 1.596000000000000000e+03
1.539098760105999947e+09 1.740000000000000000e+03
1.539098834111000061e+09 1.884000000000000000e+03
1.539098908115000010e+09 1.980000000000000000e+03
1.539098983119999886e+09 2.124000000000000000e+03
1.539099057124000072e+09 2.268000000000000000e+03
1.539099132128999949e+09 2.412000000000000000e+03
1.539099206134000063e+09 2.556000000000000000e+03
1.539209880907999992e+09 1.300000000000000000e+01
1.539210066920000076e+09 1.090000000000000000e+02
1.539210178927999973e+09 2.530000000000000000e+02
1.539210252933000088e+09 3.960000000000000000e+02
1.539210326937999964e+09 5.400000000000000000e+02
1.539210401941999912e+09 6.360000000000000000e+02
1.539210475947000027e+09 7.800000000000000000e+02
1.539210550951999903e+09 9.240000000000000000e+02
1.539210624956000090e+09 1.068000000000000000e+03
1.539210698960999966e+09 1.212000000000000000e+03
1.539210773966000080e+09 1.308000000000000000e+03
1.539210847970999956e+09 1.452000000000000000e+03
1.539210922976000071e+09 1.596000000000000000e+03
1.539210996980999947e+09 1.740000000000000000e+03
1.539211070984999895e+09 1.884000000000000000e+03
1.539211145990000010e+09 1.980000000000000000e+03
1.539211219994999886e+09 2.124000000000000000e+03
1.539211294999000072e+09 2.268000000000000000e+03
1.539211369003999949e+09 2.412000000000000000e+03
1.539211443009000063e+09 2.556000000000000000e+03
1.539550817759000063e+09 2.000000000000000000e+00
1.539551635809000015e+09 1.300000000000000000e+01
1.539551970828999996e+09 1.400000000000000000e+01
1.539552045834000111e+09 2.600000000000000000e+01
1.539552156841000080e+09 3.800000000000000000e+01
1.539552268846999884e+09 3.900000000000000000e+01
1.539552417855999947e+09 5.100000000000000000e+01
1.539552491861000061e+09 6.300000000000000000e+01
1.539552565865000010e+09 7.500000000000000000e+01
1.539561788427999973e+09 2.000000000000000000e+00
1.539561862433000088e+09 1.300000000000000000e+01
1.539562011440999985e+09 1.400000000000000000e+01
1.539562085446000099e+09 2.600000000000000000e+01
1.539562160450000048e+09 3.800000000000000000e+01
1.539562234453999996e+09 3.900000000000000000e+01
1.539562309459000111e+09 5.100000000000000000e+01
1.539562383463000059e+09 6.300000000000000000e+01
1.539562420466000080e+09 7.500000000000000000e+01
1.539673668272000074e+09 1.300000000000000000e+01
1.539673779279000044e+09 2.500000000000000000e+01
1.539674114299000025e+09 7.300000000000000000e+01
1.539674226305000067e+09 1.210000000000000000e+02
1.539674300309999943e+09 1.690000000000000000e+02
1.539674374313999891e+09 1.690000000000000000e+02
1.539674449318000078e+09 2.170000000000000000e+02
1.539674523322999954e+09 2.650000000000000000e+02
1.539674597326999903e+09 3.130000000000000000e+02
1.539674672332000017e+09 3.140000000000000000e+02
1.539674746335999966e+09 3.620000000000000000e+02
1.539674821341000080e+09 4.100000000000000000e+02
1.539674895345000029e+09 4.580000000000000000e+02
1.539674969349999905e+09 4.590000000000000000e+02
1.539675044354000092e+09 5.070000000000000000e+02
1.539675193362999916e+09 5.550000000000000000e+02
1.539675230365999937e+09 6.030000000000000000e+02
1.539689941273999929e+09 1.300000000000000000e+01
1.539690015278000116e+09 1.090000000000000000e+02
1.539690127285000086e+09 2.530000000000000000e+02
1.539690201289999962e+09 3.960000000000000000e+02
1.539690313296999931e+09 5.400000000000000000e+02
1.539690387301000118e+09 6.360000000000000000e+02
1.539690461305999994e+09 7.800000000000000000e+02
1.539690536309999943e+09 9.240000000000000000e+02
1.539690610315000057e+09 1.068000000000000000e+03
1.539690685319000006e+09 1.212000000000000000e+03
1.539690759322999954e+09 1.308000000000000000e+03
1.539690833328000069e+09 1.452000000000000000e+03
1.539690908332000017e+09 1.596000000000000000e+03
1.539690982335999966e+09 1.740000000000000000e+03
1.539691057339999914e+09 1.884000000000000000e+03
1.539691131345000029e+09 1.980000000000000000e+03
1.539691205348999977e+09 2.124000000000000000e+03
1.539691280352999926e+09 2.268000000000000000e+03
1.539691354357000113e+09 2.412000000000000000e+03
1.539691429361999989e+09 2.556000000000000000e+03
1.539751487013999939e+09 1.300000000000000000e+01
1.539751561019000053e+09 1.090000000000000000e+02
1.539751635023000002e+09 2.530000000000000000e+02
1.539751710028000116e+09 3.960000000000000000e+02
1.539751896039999962e+09 5.400000000000000000e+02
1.539751970045000076e+09 6.360000000000000000e+02
1.539752045049999952e+09 7.800000000000000000e+02
1.539752193059999943e+09 9.240000000000000000e+02
1.539752268065000057e+09 1.068000000000000000e+03
1.539752342069000006e+09 1.212000000000000000e+03
1.539752417073999882e+09 1.308000000000000000e+03
1.539752491078000069e+09 1.452000000000000000e+03
1.539752565082999945e+09 1.596000000000000000e+03
1.539752640086999893e+09 1.740000000000000000e+03
1.539752714091000080e+09 1.884000000000000000e+03
1.539752788095999956e+09 1.980000000000000000e+03
1.539752863099999905e+09 2.124000000000000000e+03
1.539752937105000019e+09 2.268000000000000000e+03
1.539753012108999968e+09 2.412000000000000000e+03
1.539753086114000082e+09 2.556000000000000000e+03
1.539810622628999949e+09 1.300000000000000000e+01
1.539811031654000044e+09 1.090000000000000000e+02
1.539811143661000013e+09 2.530000000000000000e+02
1.539811217664999962e+09 3.960000000000000000e+02
1.539811292670000076e+09 5.400000000000000000e+02
1.539811366674000025e+09 6.360000000000000000e+02
1.539811589687999964e+09 7.800000000000000000e+02
1.539811664691999912e+09 9.240000000000000000e+02
1.539811738697000027e+09 1.068000000000000000e+03
1.539811887706000090e+09 1.212000000000000000e+03
1.539811961710000038e+09 1.308000000000000000e+03
1.539812147720999956e+09 1.452000000000000000e+03
1.539812221726000071e+09 1.596000000000000000e+03
1.539812296730000019e+09 1.740000000000000000e+03
1.539812370734999895e+09 1.884000000000000000e+03
1.539812445739000082e+09 1.980000000000000000e+03
1.539812482742000103e+09 2.124000000000000000e+03
1.539812519743999958e+09 2.268000000000000000e+03
1.539812556746000051e+09 2.412000000000000000e+03
1.539812593749000072e+09 2.556000000000000000e+03
1.539872791444000006e+09 1.300000000000000000e+01
1.539873163467000008e+09 1.090000000000000000e+02
1.539873311476000071e+09 2.530000000000000000e+02
1.539874316536999941e+09 3.960000000000000000e+02
1.539874353539999962e+09 5.400000000000000000e+02
1.539874390542000055e+09 6.360000000000000000e+02
1.539874427543999910e+09 7.800000000000000000e+02
1.539874725562999964e+09 9.240000000000000000e+02
1.539874762565000057e+09 1.068000000000000000e+03
1.539874799566999912e+09 1.212000000000000000e+03
1.539874836569999933e+09 1.308000000000000000e+03
1.539874874572000027e+09 1.452000000000000000e+03
1.539874911573999882e+09 1.596000000000000000e+03
1.539874948576999903e+09 1.740000000000000000e+03
1.539875022581000090e+09 1.884000000000000000e+03
1.539875060584000111e+09 1.980000000000000000e+03
1.539875097585999966e+09 2.124000000000000000e+03
1.539875134588000059e+09 2.268000000000000000e+03
1.539875357601999998e+09 2.412000000000000000e+03
1.539875394605000019e+09 2.556000000000000000e+03
1.539926829765000105e+09 1.300000000000000000e+01
1.539926866766999960e+09 1.090000000000000000e+02
1.539926977773999929e+09 2.530000000000000000e+02
1.539927052778000116e+09 3.960000000000000000e+02
1.539927126782999992e+09 5.400000000000000000e+02
1.539927201786999941e+09 6.360000000000000000e+02
1.539927275792000055e+09 7.800000000000000000e+02
1.539927349796000004e+09 9.240000000000000000e+02
1.539927424801000118e+09 1.068000000000000000e+03
1.539927498805999994e+09 1.212000000000000000e+03
1.539927796823999882e+09 1.308000000000000000e+03
1.539927870828000069e+09 1.452000000000000000e+03
1.539928019836999893e+09 1.596000000000000000e+03
1.539928093842000008e+09 1.740000000000000000e+03
1.539928242851000071e+09 1.884000000000000000e+03
1.539928317855000019e+09 1.980000000000000000e+03
1.539928391859999895e+09 2.124000000000000000e+03
1.539928465864000082e+09 2.268000000000000000e+03
1.539928540868999958e+09 2.412000000000000000e+03
1.539928614872999907e+09 2.556000000000000000e+03
1.539948994125999928e+09 1.300000000000000000e+01
1.539949218138999939e+09 2.500000000000000000e+01
1.539949590161000013e+09 1.300000000000000000e+01
1.539949664164999962e+09 1.090000000000000000e+02
1.539949738170000076e+09 2.530000000000000000e+02
1.539949813174000025e+09 3.960000000000000000e+02
1.539949962183000088e+09 5.400000000000000000e+02
1.539950036187999964e+09 6.360000000000000000e+02
1.539950408210000038e+09 7.800000000000000000e+02
1.539950854236999989e+09 9.240000000000000000e+02
1.539950929240999937e+09 1.068000000000000000e+03
1.539951040247999907e+09 1.212000000000000000e+03
1.539951078250000000e+09 1.308000000000000000e+03
1.539951115252000093e+09 1.452000000000000000e+03
1.539951152253999949e+09 1.596000000000000000e+03
1.539951189256000042e+09 1.740000000000000000e+03
1.539951226257999897e+09 1.884000000000000000e+03
1.539951264259999990e+09 1.980000000000000000e+03
1.539951301263000011e+09 2.124000000000000000e+03
1.539951338265000105e+09 2.268000000000000000e+03
1.539951375266999960e+09 2.412000000000000000e+03
1.539951412269000053e+09 2.556000000000000000e+03
1.539956079545000076e+09 1.300000000000000000e+01
1.539956228553999901e+09 1.090000000000000000e+02
1.539956302559000015e+09 2.530000000000000000e+02
1.539956376562999964e+09 3.960000000000000000e+02
1.539956451568000078e+09 5.400000000000000000e+02
1.539956525572000027e+09 6.360000000000000000e+02
1.539956600576999903e+09 7.800000000000000000e+02
1.539956823591000080e+09 9.240000000000000000e+02
1.539956897595000029e+09 1.068000000000000000e+03
1.539956972599999905e+09 1.212000000000000000e+03
1.539957046604000092e+09 1.308000000000000000e+03
1.539957269618000031e+09 1.452000000000000000e+03
1.539957344621999979e+09 1.596000000000000000e+03
1.539957418627000093e+09 1.740000000000000000e+03
1.539957567635999918e+09 1.884000000000000000e+03
1.539957641640000105e+09 1.980000000000000000e+03
1.539957716644999981e+09 2.124000000000000000e+03
1.539957753647000074e+09 2.268000000000000000e+03
1.539957790650000095e+09 2.412000000000000000e+03
1.539957827651999950e+09 2.556000000000000000e+03
1.540018363306999922e+09 1.300000000000000000e+01
1.540018437311000109e+09 1.090000000000000000e+02
1.540018549318000078e+09 2.530000000000000000e+02
1.540018623322000027e+09 3.960000000000000000e+02
1.540018772329999924e+09 4.080000000000000000e+02
1.540018846335000038e+09 4.200000000000000000e+02
1.540019181354000092e+09 1.300000000000000000e+01
1.540019255358999968e+09 1.090000000000000000e+02
1.540019330362999916e+09 2.530000000000000000e+02
1.540019404368000031e+09 3.960000000000000000e+02
1.540019479371999979e+09 5.400000000000000000e+02
1.540019553377000093e+09 6.360000000000000000e+02
1.540019627381000042e+09 7.800000000000000000e+02
1.540019702385999918e+09 9.240000000000000000e+02
1.540019851394999981e+09 1.068000000000000000e+03
1.540019925398999929e+09 1.212000000000000000e+03
1.540019999404000044e+09 1.308000000000000000e+03
1.540020074407999992e+09 1.452000000000000000e+03
1.540020148413000107e+09 1.596000000000000000e+03
1.540020223417000055e+09 1.740000000000000000e+03
1.540020223417000055e+09 1.740000000000000000e+03
1.540020297421999931e+09 1.884000000000000000e+03
1.540020371426000118e+09 1.980000000000000000e+03
1.540020446430999994e+09 2.124000000000000000e+03
1.540020520436000109e+09 2.268000000000000000e+03
1.540020743448999882e+09 2.412000000000000000e+03
1.540020818453999996e+09 2.556000000000000000e+03
