1.534475807809000015e+09 1.300000000000000000e+01
1.534475919815999985e+09 1.090000000000000000e+02
1.534476253835999966e+09 1.210000000000000000e+02
1.534476439846999884e+09 2.650000000000000000e+02
1.534476663861000061e+09 2.770000000000000000e+02
1.534476737865000010e+09 4.210000000000000000e+02
1.534476849871999979e+09 4.330000000000000000e+02
1.534476923875999928e+09 5.770000000000000000e+02
1.534477332901999950e+09 1.300000000000000000e+01
1.534477406905999899e+09 1.090000000000000000e+02
1.534477481911000013e+09 2.530000000000000000e+02
1.534477630921000004e+09 3.960000000000000000e+02
1.534477778930000067e+09 5.400000000000000000e+02
1.534477853934999943e+09 6.360000000000000000e+02
1.534478039946000099e+09 7.800000000000000000e+02
1.534478076947999954e+09 9.240000000000000000e+02
1.534478150953000069e+09 1.068000000000000000e+03
1.534478225957999945e+09 1.212000000000000000e+03
1.534478299961999893e+09 1.308000000000000000e+03
1.534478374967000008e+09 1.452000000000000000e+03
1.534478597980999947e+09 1.596000000000000000e+03
1.534478671984999895e+09 1.740000000000000000e+03
1.534478746990000010e+09 1.884000000000000000e+03
1.534478820993999958e+09 1.980000000000000000e+03
1.534479044007999897e+09 2.124000000000000000e+03
1.534479119012000084e+09 2.268000000000000000e+03
1.534479193016999960e+09 2.412000000000000000e+03
1.534479267020999908e+09 2.556000000000000000e+03
1.534479267020999908e+09 2.556000000000000000e+03
1.534594776033999920e+09 1.300000000000000000e+01
1.534594962046000004e+09 1.090000000000000000e+02
1.534595259065000057e+09 1.200000000000000000e+02
1.534595445075999975e+09 1.320000000000000000e+02
1.534595631086999893e+09 1.440000000000000000e+02
1.534596078114000082e+09 1.300000000000000000e+01
1.534596152118999958e+09 1.090000000000000000e+02
1.534596226122999907e+09 2.530000000000000000e+02
1.534596412134999990e+09 3.960000000000000000e+02
1.534596487140000105e+09 5.400000000000000000e+02
1.534596561144000053e+09 6.360000000000000000e+02
1.534596636148999929e+09 7.800000000000000000e+02
1.534596710153000116e+09 9.240000000000000000e+02
1.534596784157999992e+09 1.068000000000000000e+03
1.534596859163000107e+09 1.212000000000000000e+03
1.534596933167000055e+09 1.308000000000000000e+03
1.534597008171999931e+09 1.452000000000000000e+03
1.534597082177000046e+09 1.596000000000000000e+03
1.534597156181999922e+09 1.740000000000000000e+03
1.534597231187000036e+09 1.884000000000000000e+03
1.534597305190999985e+09 1.980000000000000000e+03
1.534597380196000099e+09 2.124000000000000000e+03
1.534597454200000048e+09 2.268000000000000000e+03
1.534597528204999924e+09 2.412000000000000000e+03
1.534597603210000038e+09 2.556000000000000000e+03
1.534659696986000061e+09 1.300000000000000000e+01
1.534659808993000031e+09 1.090000000000000000e+02
1.534659957002000093e+09 2.530000000000000000e+02
1.534660032006000042e+09 3.960000000000000000e+02
1.534660106010999918e+09 5.400000000000000000e+02
1.534660181015000105e+09 6.360000000000000000e+02
1.534660255019999981e+09 7.800000000000000000e+02
1.534660329023999929e+09 9.240000000000000000e+02
1.534660553039000034e+09 1.068000000000000000e+03
1.534660627043999910e+09 1.212000000000000000e+03
1.534660701048000097e+09 1.308000000000000000e+03
1.534660925062999964e+09 1.452000000000000000e+03
1.534661073072000027e+09 1.596000000000000000e+03
1.534661148075999975e+09 1.740000000000000000e+03
1.534661222079999924e+09 1.884000000000000000e+03
1.534661297084000111e+09 1.980000000000000000e+03
1.534661371088999987e+09 2.124000000000000000e+03
1.534661445092999935e+09 2.268000000000000000e+03
1.534661520098000050e+09 2.412000000000000000e+03
1.534661594101999998e+09 2.556000000000000000e+03
1.535025717128999949e+09 1.300000000000000000e+01
1.535025829135999918e+09 1.090000000000000000e+02
1.535025940141999960e+09 2.530000000000000000e+02
1.535026052148999929e+09 3.960000000000000000e+02
1.535026126153000116e+09 5.400000000000000000e+02
1.535026387168999910e+09 6.360000000000000000e+02
1.535026461173000097e+09 7.800000000000000000e+02
1.535026536177999973e+09 9.240000000000000000e+02
1.535026610181999922e+09 1.068000000000000000e+03
1.535026684187000036e+09 1.212000000000000000e+03
1.535026759190999985e+09 1.308000000000000000e+03
1.535026833194999933e+09 1.452000000000000000e+03
1.535026982203999996e+09 1.596000000000000000e+03
1.535027168216000080e+09 1.740000000000000000e+03
1.535027242220000029e+09 1.884000000000000000e+03
1.535027317224999905e+09 1.980000000000000000e+03
1.535027354226999998e+09 2.124000000000000000e+03
1.535027391229000092e+09 2.268000000000000000e+03
1.535027428230999947e+09 2.412000000000000000e+03
1.535027466233000040e+09 2.556000000000000000e+03
1.535054175841000080e+09 1.300000000000000000e+01
1.535054249845000029e+09 1.090000000000000000e+02
1.535054323849999905e+09 2.530000000000000000e+02
1.535054398854000092e+09 3.960000000000000000e+02
1.535054547862999916e+09 5.400000000000000000e+02
1.535054621868000031e+09 6.360000000000000000e+02
1.535054695871999979e+09 7.800000000000000000e+02
1.535054770875999928e+09 9.240000000000000000e+02
1.535054844881000042e+09 1.068000000000000000e+03
1.535054919884999990e+09 1.212000000000000000e+03
1.535054993890000105e+09 1.308000000000000000e+03
1.535055067894000053e+09 1.452000000000000000e+03
1.535055142898999929e+09 1.596000000000000000e+03
1.535055216904000044e+09 1.740000000000000000e+03
1.535055290907999992e+09 1.884000000000000000e+03
1.535055365913000107e+09 1.980000000000000000e+03
1.535055439917999983e+09 2.124000000000000000e+03
1.535055514923000097e+09 2.268000000000000000e+03
1.535055588927999973e+09 2.412000000000000000e+03
1.535055662931999922e+09 2.556000000000000000e+03
1.535055662931999922e+09 2.556000000000000000e+03
1.535113953486999989e+09 1.300000000000000000e+01
1.535114139497999907e+09 1.090000000000000000e+02
1.535114325509999990e+09 2.530000000000000000e+02
1.535114399513999939e+09 3.960000000000000000e+02
1.535114474519000053e+09 5.400000000000000000e+02
1.535114548523999929e+09 6.360000000000000000e+02
1.535114622528000116e+09 7.800000000000000000e+02
1.535114697532999992e+09 9.240000000000000000e+02
1.535114771536999941e+09 1.068000000000000000e+03
1.535114846542000055e+09 1.212000000000000000e+03
1.535114920546000004e+09 1.308000000000000000e+03
1.535114994549999952e+09 1.452000000000000000e+03
1.535115069553999901e+09 1.596000000000000000e+03
1.535115143559000015e+09 1.740000000000000000e+03
1.535115218562999964e+09 1.884000000000000000e+03
1.535115292566999912e+09 1.980000000000000000e+03
1.535115366572000027e+09 2.124000000000000000e+03
1.535115441575999975e+09 2.268000000000000000e+03
1.535115515579999924e+09 2.412000000000000000e+03
1.535115590585000038e+09 2.556000000000000000e+03
1.535248714923000097e+09 1.300000000000000000e+01
1.535249383964999914e+09 1.300000000000000000e+01
1.535249495971999884e+09 1.090000000000000000e+02
1.535249904997999907e+09 1.300000000000000000e+01
1.535249942000000000e+09 1.090000000000000000e+02
1.535250017005000114e+09 2.530000000000000000e+02
1.535250091009000063e+09 3.960000000000000000e+02
1.535250165013000011e+09 5.400000000000000000e+02
1.535250240017999887e+09 6.360000000000000000e+02
1.535250314023000002e+09 7.800000000000000000e+02
1.535250389028000116e+09 9.240000000000000000e+02
1.535250463032999992e+09 1.068000000000000000e+03
1.535250537038000107e+09 1.212000000000000000e+03
1.535250612042999983e+09 1.308000000000000000e+03
1.535250686048000097e+09 1.452000000000000000e+03
1.535250761052000046e+09 1.596000000000000000e+03
1.535250835056999922e+09 1.740000000000000000e+03
1.535250909062000036e+09 1.884000000000000000e+03
1.535250984066999912e+09 1.980000000000000000e+03
1.535251058072000027e+09 2.124000000000000000e+03
1.535251133076999903e+09 2.268000000000000000e+03
1.535251207081000090e+09 2.412000000000000000e+03
1.535251281085999966e+09 2.556000000000000000e+03
1.535323874607000113e+09 1.300000000000000000e+01
1.535323948611999989e+09 1.090000000000000000e+02
1.535324097621000051e+09 2.530000000000000000e+02
1.535324171625999928e+09 3.960000000000000000e+02
1.535324246631000042e+09 5.400000000000000000e+02
1.535324320635999918e+09 6.360000000000000000e+02
1.535324394641000032e+09 7.800000000000000000e+02
1.535324469644999981e+09 9.240000000000000000e+02
1.535324543650000095e+09 1.068000000000000000e+03
1.535324618654999971e+09 1.212000000000000000e+03
1.535324692660000086e+09 1.308000000000000000e+03
1.535324766664999962e+09 1.452000000000000000e+03
1.535324915674999952e+09 1.596000000000000000e+03
1.535324990680000067e+09 1.740000000000000000e+03
1.535325064684999943e+09 1.884000000000000000e+03
1.535325138688999891e+09 1.980000000000000000e+03
1.535325213694000006e+09 2.124000000000000000e+03
1.535325287698999882e+09 2.268000000000000000e+03
1.535325361703999996e+09 2.412000000000000000e+03
1.535325436709000111e+09 2.556000000000000000e+03
1.535325436709000111e+09 2.556000000000000000e+03
1.535387127579999924e+09 1.300000000000000000e+01
1.535388094641999960e+09 1.090000000000000000e+02
1.535388131644000053e+09 2.530000000000000000e+02
1.535388206648999929e+09 3.960000000000000000e+02
1.535388280654000044e+09 5.400000000000000000e+02
1.535388354657999992e+09 6.360000000000000000e+02
1.535388429663000107e+09 7.800000000000000000e+02
1.535388503667999983e+09 9.240000000000000000e+02
1.535388652677000046e+09 1.068000000000000000e+03
1.535388726681999922e+09 1.212000000000000000e+03
1.535388801686000109e+09 1.308000000000000000e+03
1.535388875690999985e+09 1.452000000000000000e+03
1.535388950696000099e+09 1.596000000000000000e+03
1.535389024700999975e+09 1.740000000000000000e+03
1.535389173710999966e+09 1.884000000000000000e+03
1.535389247716000080e+09 1.980000000000000000e+03
1.535389321720999956e+09 2.124000000000000000e+03
1.535389396724999905e+09 2.268000000000000000e+03
1.535389470730000019e+09 2.412000000000000000e+03
1.535389545734999895e+09 2.556000000000000000e+03
1.535413702246999979e+09 1.300000000000000000e+01
1.535413814253999949e+09 1.090000000000000000e+02
1.535413926259999990e+09 2.530000000000000000e+02
1.535414000263999939e+09 3.960000000000000000e+02
1.535414074269000053e+09 5.400000000000000000e+02
1.535414149273000002e+09 6.360000000000000000e+02
1.535414223278000116e+09 7.800000000000000000e+02
1.535414298282999992e+09 9.240000000000000000e+02
1.535414372286999941e+09 1.068000000000000000e+03
1.535414446292000055e+09 1.212000000000000000e+03
1.535414521296000004e+09 1.308000000000000000e+03
1.535414595301000118e+09 1.452000000000000000e+03
1.535414670305999994e+09 1.596000000000000000e+03
1.535414744311000109e+09 1.740000000000000000e+03
1.535414818315000057e+09 1.884000000000000000e+03
1.535414893319999933e+09 1.980000000000000000e+03
1.535414967323999882e+09 2.124000000000000000e+03
1.535415041328000069e+09 2.268000000000000000e+03
1.535415116332999945e+09 2.412000000000000000e+03
1.535415190336999893e+09 2.556000000000000000e+03
1.535415190336999893e+09 2.556000000000000000e+03
1.535515743391999960e+09 1.300000000000000000e+01
1.535515892401000023e+09 1.090000000000000000e+02
1.535516041410000086e+09 2.530000000000000000e+02
1.535516189418999910e+09 3.960000000000000000e+02
1.535516264423000097e+09 5.400000000000000000e+02
1.535516338427999973e+09 6.360000000000000000e+02
1.535516413431999922e+09 7.800000000000000000e+02
1.535516487437000036e+09 9.240000000000000000e+02
1.535516561440999985e+09 1.068000000000000000e+03
1.535516636446000099e+09 1.212000000000000000e+03
1.535516710450000048e+09 1.308000000000000000e+03
1.535516785454999924e+09 1.452000000000000000e+03
1.535516859459000111e+09 1.596000000000000000e+03
1.535516933463000059e+09 1.740000000000000000e+03
1.535517008467999935e+09 1.884000000000000000e+03
1.535517082471999884e+09 1.980000000000000000e+03
1.535517157476000071e+09 2.124000000000000000e+03
1.535517231480999947e+09 2.268000000000000000e+03
1.535517305484999895e+09 2.412000000000000000e+03
1.535517380490000010e+09 2.556000000000000000e+03
1.535547306308000088e+09 1.300000000000000000e+01
1.535547380312999964e+09 1.090000000000000000e+02
1.535547454316999912e+09 2.530000000000000000e+02
1.535547677329999924e+09 3.960000000000000000e+02
1.535547715332999945e+09 5.400000000000000000e+02
1.535547789336999893e+09 6.360000000000000000e+02
1.535547863341000080e+09 7.800000000000000000e+02
1.535547938345999956e+09 9.240000000000000000e+02
1.535548012349999905e+09 1.068000000000000000e+03
1.535548087354000092e+09 1.212000000000000000e+03
1.535548161358999968e+09 1.308000000000000000e+03
1.535548235362999916e+09 1.452000000000000000e+03
1.535548310367000103e+09 1.596000000000000000e+03
1.535548384371999979e+09 1.740000000000000000e+03
1.535548459377000093e+09 1.884000000000000000e+03
1.535548533381000042e+09 1.980000000000000000e+03
1.535548607385999918e+09 2.124000000000000000e+03
1.535548682390000105e+09 2.268000000000000000e+03
1.535548756394999981e+09 2.412000000000000000e+03
1.535548831398999929e+09 2.556000000000000000e+03
1.535573647901000023e+09 1.300000000000000000e+01
1.535573796911000013e+09 1.090000000000000000e+02
1.535573870915999889e+09 2.530000000000000000e+02
1.535573945920000076e+09 3.960000000000000000e+02
1.535574019924999952e+09 5.400000000000000000e+02
1.535574094930000067e+09 6.360000000000000000e+02
1.535574168934999943e+09 7.800000000000000000e+02
1.535574242940000057e+09 9.240000000000000000e+02
1.535574317944000006e+09 1.068000000000000000e+03
1.535574391947999954e+09 1.212000000000000000e+03
1.535574466951999903e+09 1.308000000000000000e+03
1.535574540957000017e+09 1.452000000000000000e+03
1.535574614960999966e+09 1.596000000000000000e+03
1.535574689964999914e+09 1.740000000000000000e+03
1.535574763970000029e+09 1.884000000000000000e+03
1.535574838973999977e+09 1.980000000000000000e+03
1.535574912977999926e+09 2.124000000000000000e+03
1.535574986983000040e+09 2.268000000000000000e+03
1.535575061986999989e+09 2.412000000000000000e+03
1.535575098990000010e+09 2.556000000000000000e+03
1.535618052542999983e+09 1.300000000000000000e+01
1.535618127549000025e+09 1.090000000000000000e+02
1.535618238555999994e+09 2.530000000000000000e+02
1.535618313559999943e+09 3.960000000000000000e+02
1.535618387565000057e+09 5.400000000000000000e+02
1.535618462569000006e+09 6.360000000000000000e+02
1.535618536573999882e+09 7.800000000000000000e+02
1.535618610578000069e+09 9.240000000000000000e+02
1.535618685582999945e+09 1.068000000000000000e+03
1.535618759586999893e+09 1.212000000000000000e+03
1.535618834592000008e+09 1.308000000000000000e+03
1.535618908596999884e+09 1.452000000000000000e+03
1.535618982601000071e+09 1.596000000000000000e+03
1.535619057605999947e+09 1.740000000000000000e+03
1.535619131611000061e+09 1.884000000000000000e+03
1.535619206615000010e+09 1.980000000000000000e+03
1.535619280619999886e+09 2.124000000000000000e+03
1.535619354625000000e+09 2.268000000000000000e+03
1.535619429628999949e+09 2.412000000000000000e+03
1.535619503634000063e+09 2.556000000000000000e+03
1.535736850755000114e+09 1.300000000000000000e+01
1.535736924759000063e+09 1.090000000000000000e+02
1.535737147773999929e+09 2.530000000000000000e+02
1.535737222778000116e+09 3.960000000000000000e+02
1.535737296782999992e+09 5.400000000000000000e+02
1.535737371788000107e+09 6.360000000000000000e+02
1.535737445792000055e+09 7.800000000000000000e+02
1.535737519796999931e+09 9.240000000000000000e+02
1.535737594802000046e+09 1.068000000000000000e+03
1.535737668805999994e+09 1.212000000000000000e+03
1.535737743811000109e+09 1.308000000000000000e+03
1.535737817815999985e+09 1.452000000000000000e+03
1.535737891819999933e+09 1.596000000000000000e+03
1.535737966825000048e+09 1.740000000000000000e+03
1.535738040829999924e+09 1.884000000000000000e+03
1.535738115835000038e+09 1.980000000000000000e+03
1.535738189839999914e+09 2.124000000000000000e+03
1.535738263845000029e+09 2.268000000000000000e+03
1.535738338849999905e+09 2.412000000000000000e+03
1.535738412854000092e+09 2.556000000000000000e+03
1.535745189282999992e+09 1.300000000000000000e+01
1.535745264288000107e+09 1.090000000000000000e+02
1.535745338292000055e+09 2.530000000000000000e+02
1.535745412296999931e+09 3.960000000000000000e+02
1.535745487302000046e+09 5.400000000000000000e+02
1.535745561305999994e+09 6.360000000000000000e+02
1.535745635311000109e+09 7.800000000000000000e+02
1.535745710315999985e+09 9.240000000000000000e+02
1.535745784319999933e+09 1.068000000000000000e+03
1.535745859325000048e+09 1.212000000000000000e+03
1.535745933329999924e+09 1.308000000000000000e+03
1.535746007334000111e+09 1.452000000000000000e+03
1.535746082338999987e+09 1.596000000000000000e+03
1.535746156344000101e+09 1.740000000000000000e+03
1.535746231348000050e+09 1.884000000000000000e+03
1.535746379358000040e+09 1.980000000000000000e+03
1.535746454361999989e+09 2.124000000000000000e+03
1.535746528367000103e+09 2.268000000000000000e+03
1.535746603371999979e+09 2.412000000000000000e+03
1.535746677377000093e+09 2.556000000000000000e+03
1.535794927408999920e+09 1.300000000000000000e+01
1.535795001413000107e+09 1.090000000000000000e+02
1.535795931467999935e+09 1.300000000000000000e+01
1.535796080476999998e+09 1.090000000000000000e+02
1.535796154482000113e+09 2.530000000000000000e+02
1.535796229486999989e+09 3.960000000000000000e+02
1.535796303490999937e+09 5.400000000000000000e+02
1.535796377496000051e+09 6.360000000000000000e+02
1.535796452500999928e+09 7.800000000000000000e+02
1.535796526506000042e+09 9.240000000000000000e+02
1.535796600509999990e+09 1.068000000000000000e+03
1.535796675515000105e+09 1.212000000000000000e+03
1.535796749519999981e+09 1.308000000000000000e+03
1.535796824525000095e+09 1.452000000000000000e+03
1.535796898529000044e+09 1.596000000000000000e+03
1.535796972533999920e+09 1.740000000000000000e+03
1.535797047539000034e+09 1.884000000000000000e+03
1.535797121542999983e+09 1.980000000000000000e+03
1.535797196548000097e+09 2.124000000000000000e+03
1.535797270552999973e+09 2.268000000000000000e+03
1.535797344558000088e+09 2.412000000000000000e+03
1.535797419562000036e+09 2.556000000000000000e+03
1.535797419562000036e+09 2.556000000000000000e+03
1.535829657569000006e+09 1.300000000000000000e+01
1.535829731572999954e+09 1.090000000000000000e+02
1.535829806578000069e+09 2.530000000000000000e+02
1.535829880582000017e+09 3.960000000000000000e+02
1.535829954586999893e+09 5.400000000000000000e+02
1.535830029592000008e+09 6.360000000000000000e+02
1.535830103595999956e+09 7.800000000000000000e+02
1.535830178601000071e+09 9.240000000000000000e+02
1.535830252605999947e+09 1.068000000000000000e+03
1.535830326611000061e+09 1.212000000000000000e+03
1.535830401615000010e+09 1.308000000000000000e+03
1.535830475619999886e+09 1.452000000000000000e+03
1.535830550625000000e+09 1.596000000000000000e+03
1.535830624630000114e+09 1.740000000000000000e+03
1.535830698634999990e+09 1.884000000000000000e+03
1.535830773640000105e+09 1.980000000000000000e+03
1.535830847644000053e+09 2.124000000000000000e+03
1.535830922648999929e+09 2.268000000000000000e+03
1.535830996654000044e+09 2.412000000000000000e+03
1.535831070658999920e+09 2.556000000000000000e+03
1.535831070658999920e+09 2.556000000000000000e+03
1.535851638946000099e+09 1.300000000000000000e+01
1.535851750953999996e+09 1.090000000000000000e+02
1.535851824957999945e+09 2.530000000000000000e+02
1.535851898963000059e+09 3.960000000000000000e+02
1.535851973967999935e+09 5.400000000000000000e+02
1.535852047973000050e+09 6.360000000000000000e+02
1.535852122977999926e+09 7.800000000000000000e+02
1.535852196982000113e+09 9.240000000000000000e+02
1.535852270986999989e+09 1.068000000000000000e+03
1.535852345992000103e+09 1.212000000000000000e+03
1.535852419996999979e+09 1.308000000000000000e+03
1.535852495000999928e+09 1.452000000000000000e+03
1.535852569006000042e+09 1.596000000000000000e+03
1.535852643010999918e+09 1.740000000000000000e+03
1.535852718015000105e+09 1.884000000000000000e+03
1.535852792019999981e+09 1.980000000000000000e+03
1.535852867025000095e+09 2.124000000000000000e+03
1.535852941029000044e+09 2.268000000000000000e+03
1.535853015033999920e+09 2.412000000000000000e+03
1.535853090039000034e+09 2.556000000000000000e+03
1.535883290911000013e+09 1.300000000000000000e+01
1.535883365914999962e+09 1.090000000000000000e+02
1.535883439920000076e+09 2.530000000000000000e+02
1.535883514924999952e+09 3.960000000000000000e+02
1.535883588930000067e+09 5.400000000000000000e+02
1.535883662934999943e+09 6.360000000000000000e+02
1.535883737940000057e+09 7.800000000000000000e+02
1.535883811944000006e+09 9.240000000000000000e+02
1.535883886948999882e+09 1.068000000000000000e+03
1.535883960953999996e+09 1.212000000000000000e+03
1.535884034959000111e+09 1.308000000000000000e+03
1.535884109963999987e+09 1.452000000000000000e+03
1.535884183969000101e+09 1.596000000000000000e+03
1.535884258973999977e+09 1.740000000000000000e+03
1.535884332979000092e+09 1.884000000000000000e+03
1.535884406983999968e+09 1.980000000000000000e+03
1.535884481987999916e+09 2.124000000000000000e+03
1.535884555993000031e+09 2.268000000000000000e+03
1.535884630997999907e+09 2.412000000000000000e+03
1.535884705002000093e+09 2.556000000000000000e+03
1.535920190243000031e+09 1.300000000000000000e+01
1.535920264246999979e+09 1.090000000000000000e+02
1.535920339252000093e+09 2.530000000000000000e+02
1.535920376253999949e+09 3.960000000000000000e+02
1.535920413256000042e+09 5.400000000000000000e+02
1.535920488260999918e+09 6.360000000000000000e+02
1.535920562265000105e+09 7.800000000000000000e+02
1.535920636269999981e+09 9.240000000000000000e+02
1.535920711273999929e+09 1.068000000000000000e+03
1.535920785279000044e+09 1.212000000000000000e+03
1.535920860282999992e+09 1.308000000000000000e+03
1.535920934288000107e+09 1.452000000000000000e+03
1.535921008292000055e+09 1.596000000000000000e+03
1.535921083296999931e+09 1.740000000000000000e+03
1.535921157301000118e+09 1.884000000000000000e+03
1.535921231305000067e+09 1.980000000000000000e+03
1.535921306309999943e+09 2.124000000000000000e+03
1.535921380313999891e+09 2.268000000000000000e+03
1.535921455319000006e+09 2.412000000000000000e+03
1.535921529322999954e+09 2.556000000000000000e+03
1.535952138262000084e+09 1.300000000000000000e+01
1.535952286270999908e+09 1.090000000000000000e+02
1.535952435279999971e+09 2.530000000000000000e+02
1.535952510285000086e+09 3.960000000000000000e+02
1.535952584289000034e+09 5.400000000000000000e+02
1.535952658293999910e+09 6.360000000000000000e+02
1.535952733299000025e+09 7.800000000000000000e+02
1.535952807302999973e+09 9.240000000000000000e+02
1.535952881308000088e+09 1.068000000000000000e+03
1.535952956312999964e+09 1.212000000000000000e+03
1.535953030318000078e+09 1.308000000000000000e+03
1.535953105322000027e+09 1.452000000000000000e+03
1.535953179326999903e+09 1.596000000000000000e+03
1.535953253332000017e+09 1.740000000000000000e+03
1.535953328335999966e+09 1.884000000000000000e+03
1.535953402341000080e+09 1.980000000000000000e+03
1.535953477345999956e+09 2.124000000000000000e+03
1.535953551351000071e+09 2.268000000000000000e+03
1.535953625355000019e+09 2.412000000000000000e+03
1.535953774365000010e+09 2.556000000000000000e+03
1.535988700565999985e+09 1.300000000000000000e+01
1.535988774569999933e+09 1.090000000000000000e+02
1.535988849573999882e+09 2.530000000000000000e+02
1.535988923578999996e+09 3.960000000000000000e+02
1.535988998584000111e+09 5.400000000000000000e+02
1.535989072588000059e+09 6.360000000000000000e+02
1.535989146592999935e+09 7.800000000000000000e+02
1.535989221598000050e+09 9.240000000000000000e+02
1.535989295602999926e+09 1.068000000000000000e+03
1.535989370608000040e+09 1.212000000000000000e+03
1.535989444612999916e+09 1.308000000000000000e+03
1.535989518618000031e+09 1.452000000000000000e+03
1.535989593621999979e+09 1.596000000000000000e+03
1.535989667627000093e+09 1.740000000000000000e+03
1.535989742631000042e+09 1.884000000000000000e+03
1.535989816635999918e+09 1.980000000000000000e+03
1.535989890640000105e+09 2.124000000000000000e+03
1.535989965644000053e+09 2.268000000000000000e+03
1.535990039648999929e+09 2.412000000000000000e+03
1.535990114653000116e+09 2.556000000000000000e+03
1.536036477571000099e+09 1.300000000000000000e+01
1.536036551575999975e+09 1.090000000000000000e+02
1.536036626581000090e+09 2.530000000000000000e+02
1.536036663582999945e+09 3.960000000000000000e+02
1.536036700585999966e+09 5.400000000000000000e+02
1.536036774591000080e+09 6.360000000000000000e+02
1.536036849595999956e+09 7.800000000000000000e+02
1.536036923601000071e+09 9.240000000000000000e+02
1.536036998605999947e+09 1.068000000000000000e+03
1.536037072609999895e+09 1.212000000000000000e+03
1.536037146615000010e+09 1.308000000000000000e+03
1.536037221619999886e+09 1.452000000000000000e+03
1.536037295625000000e+09 1.596000000000000000e+03
1.536037370630000114e+09 1.740000000000000000e+03
1.536037444634999990e+09 1.884000000000000000e+03
1.536037518640000105e+09 1.980000000000000000e+03
1.536037593644000053e+09 2.124000000000000000e+03
1.536037667648999929e+09 2.268000000000000000e+03
1.536037742654000044e+09 2.412000000000000000e+03
1.536037816658999920e+09 2.556000000000000000e+03
1.536088824871999979e+09 1.300000000000000000e+01
1.536088899875999928e+09 1.090000000000000000e+02
1.536088973881000042e+09 2.530000000000000000e+02
1.536089047884999990e+09 3.960000000000000000e+02
1.536089122890000105e+09 5.400000000000000000e+02
1.536089196894999981e+09 6.360000000000000000e+02
1.536089271898999929e+09 7.800000000000000000e+02
1.536089345904000044e+09 9.240000000000000000e+02
1.536089419908999920e+09 1.068000000000000000e+03
1.536089494914000034e+09 1.212000000000000000e+03
1.536089568917999983e+09 1.308000000000000000e+03
1.536089642923000097e+09 1.452000000000000000e+03
1.536089717927999973e+09 1.596000000000000000e+03
1.536089791931999922e+09 1.740000000000000000e+03
1.536089866937000036e+09 1.884000000000000000e+03
1.536089940940999985e+09 1.980000000000000000e+03
1.536090014946000099e+09 2.124000000000000000e+03
1.536090089950999975e+09 2.268000000000000000e+03
1.536090238960999966e+09 2.412000000000000000e+03
1.536090312964999914e+09 2.556000000000000000e+03
1.536144351341000080e+09 1.300000000000000000e+01
1.536144463348000050e+09 1.090000000000000000e+02
1.536144537352999926e+09 2.530000000000000000e+02
1.536144611357000113e+09 3.960000000000000000e+02
1.536144686361999989e+09 5.400000000000000000e+02
1.536144760367000103e+09 6.360000000000000000e+02
1.536144835371999979e+09 7.800000000000000000e+02
1.536144909375999928e+09 9.240000000000000000e+02
1.536144983381000042e+09 1.068000000000000000e+03
1.536145058385999918e+09 1.212000000000000000e+03
1.536145207394999981e+09 1.308000000000000000e+03
1.536145281400000095e+09 1.452000000000000000e+03
1.536145355404000044e+09 1.596000000000000000e+03
1.536145430408999920e+09 1.740000000000000000e+03
1.536145504414000034e+09 1.884000000000000000e+03
1.536145579417999983e+09 1.980000000000000000e+03
1.536145653423000097e+09 2.124000000000000000e+03
1.536145727427999973e+09 2.268000000000000000e+03
1.536145802431999922e+09 2.412000000000000000e+03
1.536145876437000036e+09 2.556000000000000000e+03
1.536195962598999977e+09 1.300000000000000000e+01
1.536196036602999926e+09 1.090000000000000000e+02
1.536196110608000040e+09 2.530000000000000000e+02
1.536196185612999916e+09 3.960000000000000000e+02
1.536196259617000103e+09 5.400000000000000000e+02
1.536196334621999979e+09 6.360000000000000000e+02
1.536196408627000093e+09 7.800000000000000000e+02
1.536196482631999969e+09 9.240000000000000000e+02
1.536196557637000084e+09 1.068000000000000000e+03
1.536196631641000032e+09 1.212000000000000000e+03
1.536196706645999908e+09 1.308000000000000000e+03
1.536196780651000023e+09 1.452000000000000000e+03
1.536196854655999899e+09 1.596000000000000000e+03
1.536196929661000013e+09 1.740000000000000000e+03
1.536197003665999889e+09 1.884000000000000000e+03
1.536197078671000004e+09 1.980000000000000000e+03
1.536197152676000118e+09 2.124000000000000000e+03
1.536197226680999994e+09 2.268000000000000000e+03
1.536197301686000109e+09 2.412000000000000000e+03
1.536197338687999964e+09 2.556000000000000000e+03
1.536236883203000069e+09 1.300000000000000000e+01
1.536236995210000038e+09 1.090000000000000000e+02
1.536237106216000080e+09 2.530000000000000000e+02
1.536237181220000029e+09 3.960000000000000000e+02
1.536237255224999905e+09 5.400000000000000000e+02
1.536237330230000019e+09 6.360000000000000000e+02
1.536237404234999895e+09 7.800000000000000000e+02
1.536237478239000082e+09 9.240000000000000000e+02
1.536237553243999958e+09 1.068000000000000000e+03
1.536237627249000072e+09 1.212000000000000000e+03
1.536237702253000021e+09 1.308000000000000000e+03
1.536237776257999897e+09 1.452000000000000000e+03
1.536237850263000011e+09 1.596000000000000000e+03
1.536237925267999887e+09 1.740000000000000000e+03
1.536237999272000074e+09 1.884000000000000000e+03
1.536238074276999950e+09 1.980000000000000000e+03
1.536238148282000065e+09 2.124000000000000000e+03
1.536238222286000013e+09 2.268000000000000000e+03
1.536238297290999889e+09 2.412000000000000000e+03
1.536238371295000076e+09 2.556000000000000000e+03
1.536278287796000004e+09 1.300000000000000000e+01
1.536278362801000118e+09 1.090000000000000000e+02
1.536278436805999994e+09 2.530000000000000000e+02
1.536278511809999943e+09 3.960000000000000000e+02
1.536278585813999891e+09 5.400000000000000000e+02
1.536278659819000006e+09 6.360000000000000000e+02
1.536278734823999882e+09 7.800000000000000000e+02
1.536278808828000069e+09 9.240000000000000000e+02
1.536278883832999945e+09 1.068000000000000000e+03
1.536278957836999893e+09 1.212000000000000000e+03
1.536279031841000080e+09 1.308000000000000000e+03
1.536279180849999905e+09 1.452000000000000000e+03
1.536279255855000019e+09 1.596000000000000000e+03
1.536279329858999968e+09 1.740000000000000000e+03
1.536279403864000082e+09 1.884000000000000000e+03
1.536279478868999958e+09 1.980000000000000000e+03
1.536279552874000072e+09 2.124000000000000000e+03
1.536279627878999949e+09 2.268000000000000000e+03
1.536279701882999897e+09 2.412000000000000000e+03
1.536279775888000011e+09 2.556000000000000000e+03
1.536314303059000015e+09 1.300000000000000000e+01
1.536314414065999985e+09 1.090000000000000000e+02
1.536314526073999882e+09 2.530000000000000000e+02
1.536314600078999996e+09 3.960000000000000000e+02
1.536314675082999945e+09 5.400000000000000000e+02
1.536314749088000059e+09 6.360000000000000000e+02
1.536314823092000008e+09 7.800000000000000000e+02
1.536314898095999956e+09 9.240000000000000000e+02
1.536314972101000071e+09 1.068000000000000000e+03
1.536315047105000019e+09 1.212000000000000000e+03
1.536315121109999895e+09 1.308000000000000000e+03
1.536315195114000082e+09 1.452000000000000000e+03
1.536315270118000031e+09 1.596000000000000000e+03
1.536315344122999907e+09 1.740000000000000000e+03
1.536315418127000093e+09 1.884000000000000000e+03
1.536315493131999969e+09 1.980000000000000000e+03
1.536315567137000084e+09 2.124000000000000000e+03
1.536315642141000032e+09 2.268000000000000000e+03
1.536315716145999908e+09 2.412000000000000000e+03
1.536315790150000095e+09 2.556000000000000000e+03
1.536337947513999939e+09 1.300000000000000000e+01
1.536338021519000053e+09 1.090000000000000000e+02
1.536338096523000002e+09 2.530000000000000000e+02
1.536338244532000065e+09 3.960000000000000000e+02
1.536338319536999941e+09 5.400000000000000000e+02
1.536338393540999889e+09 6.360000000000000000e+02
1.536338468546000004e+09 7.800000000000000000e+02
1.536338542551000118e+09 9.240000000000000000e+02
1.536338616555999994e+09 1.068000000000000000e+03
1.536338691559999943e+09 1.212000000000000000e+03
1.536338765565000057e+09 1.308000000000000000e+03
1.536338840569999933e+09 1.452000000000000000e+03
1.536338914573999882e+09 1.596000000000000000e+03
1.536338988578999996e+09 1.740000000000000000e+03
1.536339063584000111e+09 1.884000000000000000e+03
1.536339212592999935e+09 1.980000000000000000e+03
1.536339286598000050e+09 2.124000000000000000e+03
1.536339360602999926e+09 2.268000000000000000e+03
1.536339435608000040e+09 2.412000000000000000e+03
1.536339472609999895e+09 2.556000000000000000e+03
1.536364843203000069e+09 1.300000000000000000e+01
1.536364917207999945e+09 1.090000000000000000e+02
1.536365178224999905e+09 2.530000000000000000e+02
1.536365326233999968e+09 3.960000000000000000e+02
1.536365401239000082e+09 5.400000000000000000e+02
1.536365475243000031e+09 6.360000000000000000e+02
1.536365550247999907e+09 7.800000000000000000e+02
1.536365624252000093e+09 9.240000000000000000e+02
1.536365698256999969e+09 1.068000000000000000e+03
1.536365847266999960e+09 1.212000000000000000e+03
1.536365922272000074e+09 1.308000000000000000e+03
1.536366070280999899e+09 1.452000000000000000e+03
1.536366145285000086e+09 1.596000000000000000e+03
1.536366294295000076e+09 1.740000000000000000e+03
1.536366368299000025e+09 1.884000000000000000e+03
1.536366442302999973e+09 1.980000000000000000e+03
1.536366517308000088e+09 2.124000000000000000e+03
1.536366591312999964e+09 2.268000000000000000e+03
1.536366665316999912e+09 2.412000000000000000e+03
1.536366703319999933e+09 2.556000000000000000e+03
1.536477925288000107e+09 1.300000000000000000e+01
1.536477999292999983e+09 1.090000000000000000e+02
1.536478074296999931e+09 2.530000000000000000e+02
1.536478148302000046e+09 3.960000000000000000e+02
1.536478222306999922e+09 5.400000000000000000e+02
1.536478297312000036e+09 6.360000000000000000e+02
1.536478371315999985e+09 7.800000000000000000e+02
1.536478445319999933e+09 9.240000000000000000e+02
1.536478520325000048e+09 1.068000000000000000e+03
1.536478594328999996e+09 1.212000000000000000e+03
1.536478669334000111e+09 1.308000000000000000e+03
1.536478743338000059e+09 1.452000000000000000e+03
1.536478817342999935e+09 1.596000000000000000e+03
1.536478892346999884e+09 1.740000000000000000e+03
1.536478966351999998e+09 1.884000000000000000e+03
1.536479041355999947e+09 1.980000000000000000e+03
1.536479115361000061e+09 2.124000000000000000e+03
1.536479189365000010e+09 2.268000000000000000e+03
1.536479264369999886e+09 2.412000000000000000e+03
1.536479338375000000e+09 2.556000000000000000e+03
1.536503971914999962e+09 1.300000000000000000e+01
1.536504157927000046e+09 1.090000000000000000e+02
1.536504232930999994e+09 2.530000000000000000e+02
1.536504641959000111e+09 3.960000000000000000e+02
1.536504715963999987e+09 5.400000000000000000e+02
1.536504790969000101e+09 6.360000000000000000e+02
1.536504864973999977e+09 7.800000000000000000e+02
1.536504938979000092e+09 9.240000000000000000e+02
1.536505013984999895e+09 1.068000000000000000e+03
1.536505087989000082e+09 1.212000000000000000e+03
1.536505162994999886e+09 1.308000000000000000e+03
1.536505237000000000e+09 1.452000000000000000e+03
1.536505311003999949e+09 1.596000000000000000e+03
1.536505386009999990e+09 1.740000000000000000e+03
1.536505460015000105e+09 1.884000000000000000e+03
1.536505535019999981e+09 1.980000000000000000e+03
1.536505609023999929e+09 2.124000000000000000e+03
1.536505683029999971e+09 2.268000000000000000e+03
1.536505758035000086e+09 2.412000000000000000e+03
1.536505832039999962e+09 2.556000000000000000e+03
1.536505832039999962e+09 2.556000000000000000e+03
1.536545826556999922e+09 1.300000000000000000e+01
1.536545938563999891e+09 1.090000000000000000e+02
1.536546087572999954e+09 2.530000000000000000e+02
1.536546161578000069e+09 3.960000000000000000e+02
1.536546236582999945e+09 5.400000000000000000e+02
1.536546310586999893e+09 6.360000000000000000e+02
1.536546384592999935e+09 7.800000000000000000e+02
1.536546459596999884e+09 9.240000000000000000e+02
1.536546533601999998e+09 1.068000000000000000e+03
1.536546608607000113e+09 1.212000000000000000e+03
1.536546682611000061e+09 1.308000000000000000e+03
1.536546756615999937e+09 1.452000000000000000e+03
1.536546831619999886e+09 1.596000000000000000e+03
1.536546905625000000e+09 1.740000000000000000e+03
1.536546980628999949e+09 1.884000000000000000e+03
1.536547054632999897e+09 1.980000000000000000e+03
1.536547128638000011e+09 2.124000000000000000e+03
1.536547203642999887e+09 2.268000000000000000e+03
1.536547277647000074e+09 2.412000000000000000e+03
1.536547352651999950e+09 2.556000000000000000e+03
1.536730518167000055e+09 2.000000000000000000e+00
1.536730592171999931e+09 2.000000000000000000e+00
1.536904105095000029e+09 2.000000000000000000e+00
1.536905593187000036e+09 1.400000000000000000e+01
1.536906076217000008e+09 6.200000000000000000e+01
1.536906262226999998e+09 1.100000000000000000e+02
1.536906337232000113e+09 1.580000000000000000e+02
1.536954324276999950e+09 1.300000000000000000e+01
1.536954420282000065e+09 6.100000000000000000e+01
1.536986145339999914e+09 2.000000000000000000e+00
1.536986294348999977e+09 1.400000000000000000e+01
1.536986368354000092e+09 1.580000000000000000e+02
1.536986554365000010e+09 3.010000000000000000e+02
1.536986629369999886e+09 4.450000000000000000e+02
1.536986703374000072e+09 5.890000000000000000e+02
1.536986777378999949e+09 7.330000000000000000e+02
1.537025627908999920e+09 1.300000000000000000e+01
1.537025701914000034e+09 6.100000000000000000e+01
1.537025776918999910e+09 1.090000000000000000e+02
1.537025850924000025e+09 1.560000000000000000e+02
1.537025924930000067e+09 2.040000000000000000e+02
1.537025999934000015e+09 2.520000000000000000e+02
1.537026073938999891e+09 3.000000000000000000e+02
1.537026148944000006e+09 3.480000000000000000e+02
1.537026222948999882e+09 3.960000000000000000e+02
1.537026296953999996e+09 4.440000000000000000e+02
1.537026371959000111e+09 4.920000000000000000e+02
1.537026445963999987e+09 5.400000000000000000e+02
1.537026520969000101e+09 5.880000000000000000e+02
1.537026594973999977e+09 6.360000000000000000e+02
1.537026668979000092e+09 6.840000000000000000e+02
1.537026743983999968e+09 7.320000000000000000e+02
1.537026817989000082e+09 7.800000000000000000e+02
1.537026892993000031e+09 8.280000000000000000e+02
1.537026966997999907e+09 8.760000000000000000e+02
1.537027041003000021e+09 9.240000000000000000e+02
1.537033697437000036e+09 2.000000000000000000e+00
1.537033846446000099e+09 3.000000000000000000e+00
1.537033995456000090e+09 4.000000000000000000e+00
1.537034069460999966e+09 5.000000000000000000e+00
1.537034144464999914e+09 6.000000000000000000e+00
1.537034218470000029e+09 7.000000000000000000e+00
1.537034293473999977e+09 8.000000000000000000e+00
1.537034367479000092e+09 9.000000000000000000e+00
1.537034441483999968e+09 1.000000000000000000e+01
1.537034516489000082e+09 1.100000000000000000e+01
1.537034590493999958e+09 1.200000000000000000e+01
1.537034665499000072e+09 1.300000000000000000e+01
1.537034739503000021e+09 1.400000000000000000e+01
1.537034813507999897e+09 1.500000000000000000e+01
1.537034888513000011e+09 1.600000000000000000e+01
1.537034962517999887e+09 1.700000000000000000e+01
1.537035036523000002e+09 1.800000000000000000e+01
1.537035111526999950e+09 1.900000000000000000e+01
1.537035185532000065e+09 2.000000000000000000e+01
1.537066800591000080e+09 2.000000000000000000e+00
1.537072540957999945e+09 2.000000000000000000e+00
1.537083780657000065e+09 2.000000000000000000e+00
1.537083892664999962e+09 3.000000000000000000e+00
1.537084078677000046e+09 4.000000000000000000e+00
1.537126795355999947e+09 2.000000000000000000e+00
1.537126906361999989e+09 3.000000000000000000e+00
1.537131542654000044e+09 1.000000000000000000e+00
1.537655106535000086e+09 2.000000000000000000e+00
1.537672035585000038e+09 2.000000000000000000e+00
1.537682290220999956e+09 2.000000000000000000e+00
1.537682439230000019e+09 2.000000000000000000e+00
1.537697386144999981e+09 2.000000000000000000e+00
1.537697498151000023e+09 1.300000000000000000e+01
1.537697684161999941e+09 1.400000000000000000e+01
1.537697758167000055e+09 2.600000000000000000e+01
1.537697833171000004e+09 3.800000000000000000e+01
1.537697907176000118e+09 3.900000000000000000e+01
1.537697982180999994e+09 5.100000000000000000e+01
1.537698056184999943e+09 6.300000000000000000e+01
1.537698130190000057e+09 7.500000000000000000e+01
1.537720949586999893e+09 1.300000000000000000e+01
1.537721061592999935e+09 2.500000000000000000e+01
1.537721247605000019e+09 7.200000000000000000e+01
1.537721321608999968e+09 1.200000000000000000e+02
1.537721396614000082e+09 1.680000000000000000e+02
1.537721470618999958e+09 1.690000000000000000e+02
1.537721544622999907e+09 2.170000000000000000e+02
1.537721619628000021e+09 2.650000000000000000e+02
1.537721693631999969e+09 3.130000000000000000e+02
1.537721768637000084e+09 3.140000000000000000e+02
1.537721842641000032e+09 3.620000000000000000e+02
1.537721916645999908e+09 4.100000000000000000e+02
1.537721991650000095e+09 4.580000000000000000e+02
1.537722065654999971e+09 4.590000000000000000e+02
1.537722623688999891e+09 1.300000000000000000e+01
1.537722809700000048e+09 2.500000000000000000e+01
1.537722995711999893e+09 7.200000000000000000e+01
1.537723069716000080e+09 1.200000000000000000e+02
1.537723144720999956e+09 1.680000000000000000e+02
1.537723218724999905e+09 1.690000000000000000e+02
1.537723293730000019e+09 2.170000000000000000e+02
1.537723367733999968e+09 2.650000000000000000e+02
1.537723441739000082e+09 3.130000000000000000e+02
1.537723516743000031e+09 3.140000000000000000e+02
1.537723590747999907e+09 3.620000000000000000e+02
1.537723665753000021e+09 4.100000000000000000e+02
1.537723739756999969e+09 4.580000000000000000e+02
1.537723776759999990e+09 4.590000000000000000e+02
1.537723851763999939e+09 5.070000000000000000e+02
1.537723925769000053e+09 5.550000000000000000e+02
1.537723999773999929e+09 6.030000000000000000e+02
1.537749973377000093e+09 1.300000000000000000e+01
1.537750047381999969e+09 2.500000000000000000e+01
1.537750233392999887e+09 1.690000000000000000e+02
1.537750307398000002e+09 3.120000000000000000e+02
1.537750382403000116e+09 3.130000000000000000e+02
1.537750456407000065e+09 4.570000000000000000e+02
1.537750531411999941e+09 6.010000000000000000e+02
1.537750605415999889e+09 6.490000000000000000e+02
1.537750679421000004e+09 6.500000000000000000e+02
1.537750754424999952e+09 7.940000000000000000e+02
1.537750828430000067e+09 9.380000000000000000e+02
1.537750903434000015e+09 9.390000000000000000e+02
1.537750977438999891e+09 1.083000000000000000e+03
1.537751051443000078e+09 1.227000000000000000e+03
1.537792349986000061e+09 1.300000000000000000e+01
1.537792423990999937e+09 1.090000000000000000e+02
1.537792498994999886e+09 2.530000000000000000e+02
1.537792573000000000e+09 3.960000000000000000e+02
1.537792647005000114e+09 5.400000000000000000e+02
1.537792722009999990e+09 6.360000000000000000e+02
1.537792796013999939e+09 7.800000000000000000e+02
1.537792871019000053e+09 9.240000000000000000e+02
1.537792945023999929e+09 1.068000000000000000e+03
1.537793019029000044e+09 1.212000000000000000e+03
1.537793094033999920e+09 1.308000000000000000e+03
1.537793168039000034e+09 1.452000000000000000e+03
1.537793243043999910e+09 1.596000000000000000e+03
1.537793317049000025e+09 1.740000000000000000e+03
1.537793391053999901e+09 1.884000000000000000e+03
1.537793466059000015e+09 1.980000000000000000e+03
1.537793540063999891e+09 2.124000000000000000e+03
1.537793689072999954e+09 2.268000000000000000e+03
1.537793763076999903e+09 2.412000000000000000e+03
1.537793838082000017e+09 2.556000000000000000e+03
1.537793838082000017e+09 2.556000000000000000e+03
1.537841929052999973e+09 1.300000000000000000e+01
1.537842003058000088e+09 1.090000000000000000e+02
1.537842078062999964e+09 2.530000000000000000e+02
1.537842227072000027e+09 3.960000000000000000e+02
1.537842338078999996e+09 5.400000000000000000e+02
1.537842413082999945e+09 6.360000000000000000e+02
1.537842487086999893e+09 7.800000000000000000e+02
1.537842561092000008e+09 9.240000000000000000e+02
1.537842636095999956e+09 1.068000000000000000e+03
1.537842710101000071e+09 1.212000000000000000e+03
1.537842784105999947e+09 1.308000000000000000e+03
1.537842859109999895e+09 1.452000000000000000e+03
1.537842933115000010e+09 1.596000000000000000e+03
1.537843008118999958e+09 1.740000000000000000e+03
1.537843082124000072e+09 1.884000000000000000e+03
1.537843156128000021e+09 1.980000000000000000e+03
1.537843231132999897e+09 2.124000000000000000e+03
1.537843305137000084e+09 2.268000000000000000e+03
1.537843380141999960e+09 2.412000000000000000e+03
1.537843454147000074e+09 2.556000000000000000e+03
1.537892160144000053e+09 2.000000000000000000e+00
1.537892234148000002e+09 3.000000000000000000e+00
1.537892494164000034e+09 4.000000000000000000e+00
1.537892606171000004e+09 5.000000000000000000e+00
1.537892680174999952e+09 6.000000000000000000e+00
1.537892755180000067e+09 7.000000000000000000e+00
1.537892829184000015e+09 8.000000000000000000e+00
1.537892904188999891e+09 9.000000000000000000e+00
1.537893052197999954e+09 1.000000000000000000e+01
1.537893276211999893e+09 1.100000000000000000e+01
1.537893350216000080e+09 1.200000000000000000e+01
1.537893424220999956e+09 1.300000000000000000e+01
1.537909957233999968e+09 1.300000000000000000e+01
1.537910031237999916e+09 1.090000000000000000e+02
1.537910106242000103e+09 2.530000000000000000e+02
1.537910180246000051e+09 3.960000000000000000e+02
1.537910254250999928e+09 5.400000000000000000e+02
1.537910329255000114e+09 6.360000000000000000e+02
1.537910403259999990e+09 7.800000000000000000e+02
1.537910589272000074e+09 9.240000000000000000e+02
1.537910664276000023e+09 1.068000000000000000e+03
1.537910887289000034e+09 1.212000000000000000e+03
1.537910961293999910e+09 1.308000000000000000e+03
1.537911036298000097e+09 1.452000000000000000e+03
1.537911110302999973e+09 1.596000000000000000e+03
1.537911184306999922e+09 1.740000000000000000e+03
1.537911259312000036e+09 1.884000000000000000e+03
1.537911296313999891e+09 1.980000000000000000e+03
1.537911333315999985e+09 2.124000000000000000e+03
1.537911370318000078e+09 2.268000000000000000e+03
1.537911407319999933e+09 2.412000000000000000e+03
1.537911445322999954e+09 2.556000000000000000e+03
1.537911445322999954e+09 2.556000000000000000e+03
1.538121375223999977e+09 1.300000000000000000e+01
1.538121673242000103e+09 1.090000000000000000e+02
1.538121747246000051e+09 2.530000000000000000e+02
1.538121822250999928e+09 3.960000000000000000e+02
1.538121896255000114e+09 5.400000000000000000e+02
1.538121998263999939e+09 6.360000000000000000e+02
1.538122045263999939e+09 7.800000000000000000e+02
1.538122119269000053e+09 9.240000000000000000e+02
1.538122194273999929e+09 1.068000000000000000e+03
1.538122268278000116e+09 1.212000000000000000e+03
1.538122342282999992e+09 1.308000000000000000e+03
1.538122417286999941e+09 1.452000000000000000e+03
1.538122491292000055e+09 1.596000000000000000e+03
1.538122566296999931e+09 1.740000000000000000e+03
1.538122640302000046e+09 1.884000000000000000e+03
1.538122714305999994e+09 1.980000000000000000e+03
1.538122789311000109e+09 2.124000000000000000e+03
1.538122863315000057e+09 2.268000000000000000e+03
1.538122937319999933e+09 2.412000000000000000e+03
1.538123012325000048e+09 2.556000000000000000e+03
1.538180805855000019e+09 1.300000000000000000e+01
1.538181214880000114e+09 1.090000000000000000e+02
1.538181437892999887e+09 2.530000000000000000e+02
1.538181474895999908e+09 3.960000000000000000e+02
1.538181549901000023e+09 5.400000000000000000e+02
1.538181623904999971e+09 6.360000000000000000e+02
1.538181697910000086e+09 7.800000000000000000e+02
1.538181772914999962e+09 9.240000000000000000e+02
1.538181846920000076e+09 1.068000000000000000e+03
1.538181920924999952e+09 1.212000000000000000e+03
1.538181995930000067e+09 1.308000000000000000e+03
1.538182069934999943e+09 1.452000000000000000e+03
1.538182144938999891e+09 1.596000000000000000e+03
1.538182218944000006e+09 1.740000000000000000e+03
1.538182292948999882e+09 1.884000000000000000e+03
1.538182367953000069e+09 1.980000000000000000e+03
1.538182441957999945e+09 2.124000000000000000e+03
1.538182516963000059e+09 2.268000000000000000e+03
1.538182590967999935e+09 2.412000000000000000e+03
1.538182664973000050e+09 2.556000000000000000e+03
1.538233561108999968e+09 1.300000000000000000e+01
1.538233710117000103e+09 1.090000000000000000e+02
1.538233784121999979e+09 2.530000000000000000e+02
1.538233858125999928e+09 3.960000000000000000e+02
1.538233933130000114e+09 5.400000000000000000e+02
1.538234007134999990e+09 6.360000000000000000e+02
1.538234082138999939e+09 7.800000000000000000e+02
1.538234156144000053e+09 9.240000000000000000e+02
1.538234230148000002e+09 1.068000000000000000e+03
1.538234305153000116e+09 1.212000000000000000e+03
1.538234379157000065e+09 1.308000000000000000e+03
1.538234454161000013e+09 1.452000000000000000e+03
1.538234528165999889e+09 1.596000000000000000e+03
1.538234602170000076e+09 1.740000000000000000e+03
1.538234677174999952e+09 1.884000000000000000e+03
1.538234751180000067e+09 1.980000000000000000e+03
1.538234826184000015e+09 2.124000000000000000e+03
1.538234900188999891e+09 2.268000000000000000e+03
1.538234974193000078e+09 2.412000000000000000e+03
1.538235049197999954e+09 2.556000000000000000e+03
1.538241996614000082e+09 1.300000000000000000e+01
1.538242182625000000e+09 1.090000000000000000e+02
1.538242257630000114e+09 2.530000000000000000e+02
1.538242331634999990e+09 3.960000000000000000e+02
1.538242406638999939e+09 5.400000000000000000e+02
1.538242480644000053e+09 6.360000000000000000e+02
1.538242554648999929e+09 7.800000000000000000e+02
1.538242629653000116e+09 9.240000000000000000e+02
1.538242703657999992e+09 1.068000000000000000e+03
1.538242778661999941e+09 1.212000000000000000e+03
1.538242852667000055e+09 1.308000000000000000e+03
1.538242926671999931e+09 1.452000000000000000e+03
1.538243001676000118e+09 1.596000000000000000e+03
1.538243075680999994e+09 1.740000000000000000e+03
1.538243150686000109e+09 1.884000000000000000e+03
1.538243224690000057e+09 1.980000000000000000e+03
1.538243298694999933e+09 2.124000000000000000e+03
1.538243373700000048e+09 2.268000000000000000e+03
1.538243447703999996e+09 2.412000000000000000e+03
1.538243522709000111e+09 2.556000000000000000e+03
1.538299867168999910e+09 1.300000000000000000e+01
1.538301934292999983e+09 1.090000000000000000e+02
1.538302046299000025e+09 2.530000000000000000e+02
1.538302120303999901e+09 3.960000000000000000e+02
1.538302195308000088e+09 5.400000000000000000e+02
1.538302269312999964e+09 6.360000000000000000e+02
1.538302343316999912e+09 7.800000000000000000e+02
1.538302418321000099e+09 9.240000000000000000e+02
1.538302567329999924e+09 1.068000000000000000e+03
1.538302641335000038e+09 1.212000000000000000e+03
1.538302715338999987e+09 1.308000000000000000e+03
1.538302790342999935e+09 1.452000000000000000e+03
1.538302864348000050e+09 1.596000000000000000e+03
1.538302939351999998e+09 1.740000000000000000e+03
1.538303013357000113e+09 1.884000000000000000e+03
1.538303087361000061e+09 1.980000000000000000e+03
1.538303162365999937e+09 2.124000000000000000e+03
1.538303236369999886e+09 2.268000000000000000e+03
1.538303311375000000e+09 2.412000000000000000e+03
1.538303385378999949e+09 2.556000000000000000e+03
1.538332539184000015e+09 1.300000000000000000e+01
1.538332725196000099e+09 1.090000000000000000e+02
1.538332874206000090e+09 2.530000000000000000e+02
1.538332948210999966e+09 3.960000000000000000e+02
1.538333023216000080e+09 5.400000000000000000e+02
1.538333097220999956e+09 6.360000000000000000e+02
1.538333172224999905e+09 7.800000000000000000e+02
1.538333395237999916e+09 9.240000000000000000e+02
1.538333544246999979e+09 1.068000000000000000e+03
1.538333618250999928e+09 1.212000000000000000e+03
1.538333692256000042e+09 1.308000000000000000e+03
1.538333767259999990e+09 1.452000000000000000e+03
1.538333841263999939e+09 1.596000000000000000e+03
1.538333916267999887e+09 1.740000000000000000e+03
1.538333990273000002e+09 1.884000000000000000e+03
1.538334064276999950e+09 1.980000000000000000e+03
1.538334139280999899e+09 2.124000000000000000e+03
1.538334213285000086e+09 2.268000000000000000e+03
1.538334288289999962e+09 2.412000000000000000e+03
1.538334325292000055e+09 2.556000000000000000e+03
1.538334325292000055e+09 2.556000000000000000e+03
1.538374463740000010e+09 1.300000000000000000e+01
1.538374872766999960e+09 1.090000000000000000e+02
1.538374947770999908e+09 2.530000000000000000e+02
1.538375095779999971e+09 3.960000000000000000e+02
1.538375170785000086e+09 5.400000000000000000e+02
1.538375244789000034e+09 6.360000000000000000e+02
1.538375319793999910e+09 7.800000000000000000e+02
1.538375393799000025e+09 9.240000000000000000e+02
1.538375467802999973e+09 1.068000000000000000e+03
1.538375542808000088e+09 1.212000000000000000e+03
1.538375616812000036e+09 1.308000000000000000e+03
1.538375691816999912e+09 1.452000000000000000e+03
1.538375765822000027e+09 1.596000000000000000e+03
1.538375839826999903e+09 1.740000000000000000e+03
1.538375914831000090e+09 1.884000000000000000e+03
1.538375988835000038e+09 1.980000000000000000e+03
1.538376063839999914e+09 2.124000000000000000e+03
1.538376137844000101e+09 2.268000000000000000e+03
1.538376211848999977e+09 2.412000000000000000e+03
1.538376286854000092e+09 2.556000000000000000e+03
1.538432007292999983e+09 1.300000000000000000e+01
1.538432170302000046e+09 1.090000000000000000e+02
1.538432252306999922e+09 2.530000000000000000e+02
1.538432333312000036e+09 3.960000000000000000e+02
1.538432415316999912e+09 5.400000000000000000e+02
1.538432497322000027e+09 6.360000000000000000e+02
1.538432578326999903e+09 7.800000000000000000e+02
1.538432660332000017e+09 9.240000000000000000e+02
1.538432741336999893e+09 1.068000000000000000e+03
1.538432823342000008e+09 1.212000000000000000e+03
1.538432905346999884e+09 1.308000000000000000e+03
1.538432986351999998e+09 1.452000000000000000e+03
1.538433068357000113e+09 1.596000000000000000e+03
1.538433149361000061e+09 1.740000000000000000e+03
1.538433476381000042e+09 1.884000000000000000e+03
1.538433557385999918e+09 1.980000000000000000e+03
1.538433639391000032e+09 2.124000000000000000e+03
1.538433721394999981e+09 2.268000000000000000e+03
1.538433802400000095e+09 2.412000000000000000e+03
1.538433843403000116e+09 2.556000000000000000e+03
1.538570723798000097e+09 1.300000000000000000e+01
1.538571059818000078e+09 1.090000000000000000e+02
1.538571160823999882e+09 2.530000000000000000e+02
1.538571261829999924e+09 3.960000000000000000e+02
1.538571328834000111e+09 5.400000000000000000e+02
1.538571395838000059e+09 6.360000000000000000e+02
1.538571462842000008e+09 7.800000000000000000e+02
1.538571529846999884e+09 9.240000000000000000e+02
1.538571597851000071e+09 1.068000000000000000e+03
1.538571664855999947e+09 1.212000000000000000e+03
1.538571731861000061e+09 1.308000000000000000e+03
1.538571798865000010e+09 1.452000000000000000e+03
1.538571865868999958e+09 1.596000000000000000e+03
1.538571933872999907e+09 1.740000000000000000e+03
1.538572000878000021e+09 1.884000000000000000e+03
1.538572067881999969e+09 1.980000000000000000e+03
1.538572134885999918e+09 2.124000000000000000e+03
1.538572201890000105e+09 2.268000000000000000e+03
1.538572269892999887e+09 2.412000000000000000e+03
1.538572336898000002e+09 2.556000000000000000e+03
1.538613232417999983e+09 1.300000000000000000e+01
1.538613455430999994e+09 1.090000000000000000e+02
1.538613530434999943e+09 2.530000000000000000e+02
1.538613604440000057e+09 3.960000000000000000e+02
1.538613679444999933e+09 5.400000000000000000e+02
1.538613753448999882e+09 6.360000000000000000e+02
1.538613827453000069e+09 7.800000000000000000e+02
1.538613902457999945e+09 9.240000000000000000e+02
1.538613976461999893e+09 1.068000000000000000e+03
1.538614051467000008e+09 1.212000000000000000e+03
1.538614125471999884e+09 1.308000000000000000e+03
1.538614199476000071e+09 1.452000000000000000e+03
1.538614274480999947e+09 1.596000000000000000e+03
1.538614348484999895e+09 1.740000000000000000e+03
1.538614423489000082e+09 1.884000000000000000e+03
1.538614497493000031e+09 1.980000000000000000e+03
1.538614571497999907e+09 2.124000000000000000e+03
1.538614646502000093e+09 2.268000000000000000e+03
1.538614720506999969e+09 2.412000000000000000e+03
1.538614794510999918e+09 2.556000000000000000e+03
1.538686985082999945e+09 1.300000000000000000e+01
1.538687282098999977e+09 1.090000000000000000e+02
1.538687357102999926e+09 2.530000000000000000e+02
1.538687431107000113e+09 3.960000000000000000e+02
1.538687505111000061e+09 5.400000000000000000e+02
1.538687580115999937e+09 6.360000000000000000e+02
1.538687654119999886e+09 7.800000000000000000e+02
1.538687728124000072e+09 9.240000000000000000e+02
1.538687803128000021e+09 1.068000000000000000e+03
1.538687877131999969e+09 1.212000000000000000e+03
1.538687952135999918e+09 1.308000000000000000e+03
1.538688026140000105e+09 1.452000000000000000e+03
1.538688100144999981e+09 1.596000000000000000e+03
1.538688175148999929e+09 1.740000000000000000e+03
1.538688249153000116e+09 1.884000000000000000e+03
1.538688324157000065e+09 1.980000000000000000e+03
1.538688398161999941e+09 2.124000000000000000e+03
1.538688472165999889e+09 2.268000000000000000e+03
1.538688547170000076e+09 2.412000000000000000e+03
1.538688621174999952e+09 2.556000000000000000e+03
1.538688621174999952e+09 2.556000000000000000e+03
1.538865412809999943e+09 1.300000000000000000e+01
1.538865858836999893e+09 1.090000000000000000e+02
1.538866007845999956e+09 2.530000000000000000e+02
1.538866081849999905e+09 3.960000000000000000e+02
1.538866156855000019e+09 5.400000000000000000e+02
1.538866230858999968e+09 6.360000000000000000e+02
1.538866305864000082e+09 7.800000000000000000e+02
1.538866379868000031e+09 9.240000000000000000e+02
1.538866453872999907e+09 1.068000000000000000e+03
1.538866528877000093e+09 1.212000000000000000e+03
1.538866602881999969e+09 1.308000000000000000e+03
1.538866677885999918e+09 1.452000000000000000e+03
1.538866751891000032e+09 1.596000000000000000e+03
1.538866825895999908e+09 1.740000000000000000e+03
1.538866900901000023e+09 1.884000000000000000e+03
1.538866974905999899e+09 1.980000000000000000e+03
1.538867048910000086e+09 2.124000000000000000e+03
1.538867123914999962e+09 2.268000000000000000e+03
1.538867197920000076e+09 2.412000000000000000e+03
1.538867272924999952e+09 2.556000000000000000e+03
1.538943356572000027e+09 1.300000000000000000e+01
1.538943765596999884e+09 1.090000000000000000e+02
1.538943839601000071e+09 2.530000000000000000e+02
1.538943914605999947e+09 3.960000000000000000e+02
1.538943988609999895e+09 5.400000000000000000e+02
1.538944062615000010e+09 6.360000000000000000e+02
1.538944137618999958e+09 7.800000000000000000e+02
1.538944211624000072e+09 9.240000000000000000e+02
1.538944286628000021e+09 1.068000000000000000e+03
1.538944360632999897e+09 1.212000000000000000e+03
1.538944434637000084e+09 1.308000000000000000e+03
1.538944509641999960e+09 1.452000000000000000e+03
1.538944583647000074e+09 1.596000000000000000e+03
1.538944658651000023e+09 1.740000000000000000e+03
1.538944732655999899e+09 1.884000000000000000e+03
1.538944806660000086e+09 1.980000000000000000e+03
1.538944881664999962e+09 2.124000000000000000e+03
1.538944955668999910e+09 2.268000000000000000e+03
1.538945030674000025e+09 2.412000000000000000e+03
1.538945104678999901e+09 2.556000000000000000e+03
1.538957367434000015e+09 1.300000000000000000e+01
1.538957739456000090e+09 1.090000000000000000e+02
1.538957851463000059e+09 2.530000000000000000e+02
1.538957962470000029e+09 3.960000000000000000e+02
1.538958037473999977e+09 5.400000000000000000e+02
1.538958111479000092e+09 6.360000000000000000e+02
1.538958185483000040e+09 7.800000000000000000e+02
1.538958260487999916e+09 9.240000000000000000e+02
1.538958334492000103e+09 1.068000000000000000e+03
1.538958409496999979e+09 1.212000000000000000e+03
1.538958483500999928e+09 1.308000000000000000e+03
1.538958557506000042e+09 1.452000000000000000e+03
1.538958632509999990e+09 1.596000000000000000e+03
1.538958706515000105e+09 1.740000000000000000e+03
1.538958780519000053e+09 1.884000000000000000e+03
1.538958855523999929e+09 1.980000000000000000e+03
1.538958929529000044e+09 2.124000000000000000e+03
1.538959004532999992e+09 2.268000000000000000e+03
1.538959078538000107e+09 2.412000000000000000e+03
1.538959152542000055e+09 2.556000000000000000e+03
1.539035236210000038e+09 1.300000000000000000e+01
1.539035571230000019e+09 1.090000000000000000e+02
1.539035646233999968e+09 2.530000000000000000e+02
1.539035720239000082e+09 3.960000000000000000e+02
1.539035794243000031e+09 5.400000000000000000e+02
1.539035869246999979e+09 6.360000000000000000e+02
1.539035943252000093e+09 7.800000000000000000e+02
1.539036018256999969e+09 9.240000000000000000e+02
1.539036092260999918e+09 1.068000000000000000e+03
1.539036166266000032e+09 1.212000000000000000e+03
1.539036241269999981e+09 1.308000000000000000e+03
1.539036315273999929e+09 1.452000000000000000e+03
1.539036390278000116e+09 1.596000000000000000e+03
1.539036613290999889e+09 1.740000000000000000e+03
1.539036687296000004e+09 1.884000000000000000e+03
1.539036762299999952e+09 1.980000000000000000e+03
1.539036836303999901e+09 2.124000000000000000e+03
1.539036910309000015e+09 2.268000000000000000e+03
1.539036985312999964e+09 2.412000000000000000e+03
1.539037059316999912e+09 2.556000000000000000e+03
1.539097532028000116e+09 1.300000000000000000e+01
1.539097644036000013e+09 1.090000000000000000e+02
1.539097867051000118e+09 2.530000000000000000e+02
1.539097979058000088e+09 3.960000000000000000e+02
1.539098053062999964e+09 5.400000000000000000e+02
1.539098127068000078e+09 6.360000000000000000e+02
1.539098202072000027e+09 7.800000000000000000e+02
1.539098276076999903e+09 9.240000000000000000e+02
1.539098425085000038e+09 1.068000000000000000e+03
1.539098499089999914e+09 1.212000000000000000e+03
1.539098574094000101e+09 1.308000000000000000e+03
1.539098648098999977e+09 1.452000000000000000e+03
1.539098723104000092e+09 1.596000000000000000e+03
1.539098797108000040e+09 1.740000000000000000e+03
1.539098946117000103e+09 1.884000000000000000e+03
1.539099020121999979e+09 1.980000000000000000e+03
1.539099094127000093e+09 2.124000000000000000e+03
1.539099169131000042e+09 2.268000000000000000e+03
1.539099243135999918e+09 2.412000000000000000e+03
1.539099280138000011e+09 2.556000000000000000e+03
1.539209843904999971e+09 1.300000000000000000e+01
1.539210029917999983e+09 1.090000000000000000e+02
1.539210140924999952e+09 2.530000000000000000e+02
1.539210215930000067e+09 3.960000000000000000e+02
1.539210289934999943e+09 5.400000000000000000e+02
1.539210364940000057e+09 6.360000000000000000e+02
1.539210438944999933e+09 7.800000000000000000e+02
1.539210512948999882e+09 9.240000000000000000e+02
1.539210587953999996e+09 1.068000000000000000e+03
1.539210661959000111e+09 1.212000000000000000e+03
1.539210736963999987e+09 1.308000000000000000e+03
1.539210810969000101e+09 1.452000000000000000e+03
1.539210884973000050e+09 1.596000000000000000e+03
1.539210959977999926e+09 1.740000000000000000e+03
1.539211033983000040e+09 1.884000000000000000e+03
1.539211108987999916e+09 1.980000000000000000e+03
1.539211182992000103e+09 2.124000000000000000e+03
1.539211256996999979e+09 2.268000000000000000e+03
1.539211332002000093e+09 2.412000000000000000e+03
1.539211406006000042e+09 2.556000000000000000e+03
1.539550780756999969e+09 2.000000000000000000e+00
1.539551673811000109e+09 1.300000000000000000e+01
1.539552082835999966e+09 1.400000000000000000e+01
1.539552193842999935e+09 2.600000000000000000e+01
1.539552231845000029e+09 3.800000000000000000e+01
1.539552603868000031e+09 3.900000000000000000e+01
1.539552640869999886e+09 5.100000000000000000e+01
1.539552677871999979e+09 6.300000000000000000e+01
1.539552714874000072e+09 7.500000000000000000e+01
1.539561751426000118e+09 2.000000000000000000e+00
1.539561825430000067e+09 1.300000000000000000e+01
1.539561899434999943e+09 1.400000000000000000e+01
1.539561974438999891e+09 2.600000000000000000e+01
1.539562048443000078e+09 3.800000000000000000e+01
1.539562123447999954e+09 3.900000000000000000e+01
1.539562197451999903e+09 5.100000000000000000e+01
1.539562271457000017e+09 6.300000000000000000e+01
1.539562346460999966e+09 7.500000000000000000e+01
1.539673630269999981e+09 1.300000000000000000e+01
1.539673742276999950e+09 2.500000000000000000e+01
1.539674072296000004e+09 2.400000000000000000e+01
1.539674077296000004e+09 7.200000000000000000e+01
1.539674188302999973e+09 1.200000000000000000e+02
1.539674263306999922e+09 1.680000000000000000e+02
1.539674337312000036e+09 1.690000000000000000e+02
1.539674411315999985e+09 2.170000000000000000e+02
1.539674486319999933e+09 2.650000000000000000e+02
1.539674560325000048e+09 3.130000000000000000e+02
1.539674635328999996e+09 3.140000000000000000e+02
1.539674709334000111e+09 3.620000000000000000e+02
1.539674783338000059e+09 4.100000000000000000e+02
1.539674858342999935e+09 4.580000000000000000e+02
1.539674932346999884e+09 4.590000000000000000e+02
1.539675007351999998e+09 5.070000000000000000e+02
1.539675081357000113e+09 5.550000000000000000e+02
1.539675155361000061e+09 6.030000000000000000e+02
1.539689904272000074e+09 1.300000000000000000e+01
1.539689978276000023e+09 1.090000000000000000e+02
1.539690090282999992e+09 2.530000000000000000e+02
1.539690164286999941e+09 3.960000000000000000e+02
1.539690238292000055e+09 5.400000000000000000e+02
1.539690276293999910e+09 6.360000000000000000e+02
1.539690350299000025e+09 7.800000000000000000e+02
1.539690424302999973e+09 9.240000000000000000e+02
1.539690499308000088e+09 1.068000000000000000e+03
1.539690573312999964e+09 1.212000000000000000e+03
1.539690647316999912e+09 1.308000000000000000e+03
1.539690722321000099e+09 1.452000000000000000e+03
1.539690796325000048e+09 1.596000000000000000e+03
1.539690871329999924e+09 1.740000000000000000e+03
1.539691019338000059e+09 1.884000000000000000e+03
1.539691094342999935e+09 1.980000000000000000e+03
1.539691168346999884e+09 2.124000000000000000e+03
1.539691243351000071e+09 2.268000000000000000e+03
1.539691317355000019e+09 2.412000000000000000e+03
1.539691391358999968e+09 2.556000000000000000e+03
1.539751449012000084e+09 1.300000000000000000e+01
1.539751524016000032e+09 1.090000000000000000e+02
1.539751598020999908e+09 2.530000000000000000e+02
1.539751673026000023e+09 3.960000000000000000e+02
1.539751747029999971e+09 5.400000000000000000e+02
1.539751859038000107e+09 6.360000000000000000e+02
1.539751933042999983e+09 7.800000000000000000e+02
1.539752156058000088e+09 9.240000000000000000e+02
1.539752231062999964e+09 1.068000000000000000e+03
1.539752305066999912e+09 1.212000000000000000e+03
1.539752379072000027e+09 1.308000000000000000e+03
1.539752454075999975e+09 1.452000000000000000e+03
1.539752528079999924e+09 1.596000000000000000e+03
1.539752603085000038e+09 1.740000000000000000e+03
1.539752677088999987e+09 1.884000000000000000e+03
1.539752751094000101e+09 1.980000000000000000e+03
1.539752826098000050e+09 2.124000000000000000e+03
1.539752900102999926e+09 2.268000000000000000e+03
1.539752974107000113e+09 2.412000000000000000e+03
1.539753049111999989e+09 2.556000000000000000e+03
1.539810585627000093e+09 1.300000000000000000e+01
1.539810957648999929e+09 1.090000000000000000e+02
1.539811106657999992e+09 2.530000000000000000e+02
1.539811180663000107e+09 3.960000000000000000e+02
1.539811254667000055e+09 5.400000000000000000e+02
1.539811329671999931e+09 6.360000000000000000e+02
1.539811403676000118e+09 7.800000000000000000e+02
1.539811478680999994e+09 9.240000000000000000e+02
1.539811552684999943e+09 1.068000000000000000e+03
1.539811626690000057e+09 1.212000000000000000e+03
1.539811701694000006e+09 1.308000000000000000e+03
1.539811775698999882e+09 1.452000000000000000e+03
1.539811850703000069e+09 1.596000000000000000e+03
1.539811998711999893e+09 1.740000000000000000e+03
1.539812073717000008e+09 1.884000000000000000e+03
1.539812110719000101e+09 1.980000000000000000e+03
1.539812184723999977e+09 2.124000000000000000e+03
1.539812259727999926e+09 2.268000000000000000e+03
1.539812333733000040e+09 2.412000000000000000e+03
1.539812407736999989e+09 2.556000000000000000e+03
1.539873014457999945e+09 1.300000000000000000e+01
1.539873125463999987e+09 1.090000000000000000e+02
1.539873237470999956e+09 2.530000000000000000e+02
1.539873535489000082e+09 3.960000000000000000e+02
1.539873572492000103e+09 5.400000000000000000e+02
1.539873683497999907e+09 6.360000000000000000e+02
1.539873720500999928e+09 7.800000000000000000e+02
1.539873795505000114e+09 9.240000000000000000e+02
1.539873832506999969e+09 1.068000000000000000e+03
1.539873869509999990e+09 1.212000000000000000e+03
1.539873944513999939e+09 1.308000000000000000e+03
1.539873981516999960e+09 1.452000000000000000e+03
1.539874018519000053e+09 1.596000000000000000e+03
1.539874055520999908e+09 1.740000000000000000e+03
1.539874092523000002e+09 1.884000000000000000e+03
1.539874130526000023e+09 1.980000000000000000e+03
1.539874167528000116e+09 2.124000000000000000e+03
1.539874204529999971e+09 2.268000000000000000e+03
1.539874241532999992e+09 2.412000000000000000e+03
1.539874278535000086e+09 2.556000000000000000e+03
1.539926643753000021e+09 1.300000000000000000e+01
1.539926717757999897e+09 1.090000000000000000e+02
1.539927015776000023e+09 2.530000000000000000e+02
1.539927089780999899e+09 3.960000000000000000e+02
1.539927163785000086e+09 5.400000000000000000e+02
1.539927238789999962e+09 6.360000000000000000e+02
1.539927312793999910e+09 7.800000000000000000e+02
1.539927387799000025e+09 9.240000000000000000e+02
1.539927461802999973e+09 1.068000000000000000e+03
1.539927833825999975e+09 1.212000000000000000e+03
1.539927907829999924e+09 1.308000000000000000e+03
1.539927982835000038e+09 1.452000000000000000e+03
1.539928056838999987e+09 1.596000000000000000e+03
1.539928131844000101e+09 1.740000000000000000e+03
1.539928205848000050e+09 1.884000000000000000e+03
1.539928279852999926e+09 1.980000000000000000e+03
1.539928354857000113e+09 2.124000000000000000e+03
1.539928428861999989e+09 2.268000000000000000e+03
1.539928503865999937e+09 2.412000000000000000e+03
1.539928577871000051e+09 2.556000000000000000e+03
1.539948957124000072e+09 1.300000000000000000e+01
1.539949143134999990e+09 2.500000000000000000e+01
1.539949552158999920e+09 1.300000000000000000e+01
1.539949627163000107e+09 1.090000000000000000e+02
1.539949701167999983e+09 2.530000000000000000e+02
1.539949776171999931e+09 3.960000000000000000e+02
1.539949850177000046e+09 5.400000000000000000e+02
1.539949924180999994e+09 6.360000000000000000e+02
1.539949999186000109e+09 7.800000000000000000e+02
1.539950073190000057e+09 9.240000000000000000e+02
1.539950185197000027e+09 1.068000000000000000e+03
1.539950259200999975e+09 1.212000000000000000e+03
1.539950334206000090e+09 1.308000000000000000e+03
1.539950371207999945e+09 1.452000000000000000e+03
1.539950445213000059e+09 1.596000000000000000e+03
1.539950520217000008e+09 1.740000000000000000e+03
1.539950594221999884e+09 1.884000000000000000e+03
1.539950668226000071e+09 1.980000000000000000e+03
1.539950743230000019e+09 2.124000000000000000e+03
1.539950817234999895e+09 2.268000000000000000e+03
1.539950892239000082e+09 2.412000000000000000e+03
1.539950966243999958e+09 2.556000000000000000e+03
1.539950966243999958e+09 2.556000000000000000e+03
1.539956042542999983e+09 1.300000000000000000e+01
1.539956190552000046e+09 1.090000000000000000e+02
1.539956265556999922e+09 2.530000000000000000e+02
1.539956339561000109e+09 3.960000000000000000e+02
1.539956414565999985e+09 5.400000000000000000e+02
1.539956488569999933e+09 6.360000000000000000e+02
1.539956562575000048e+09 7.800000000000000000e+02
1.539956637578999996e+09 9.240000000000000000e+02
1.539956711584000111e+09 1.068000000000000000e+03
1.539956786588000059e+09 1.212000000000000000e+03
1.539956860592999935e+09 1.308000000000000000e+03
1.539956934596999884e+09 1.452000000000000000e+03
1.539957009601999998e+09 1.596000000000000000e+03
1.539957158611000061e+09 1.740000000000000000e+03
1.539957232615000010e+09 1.884000000000000000e+03
1.539957306619999886e+09 1.980000000000000000e+03
1.539957381625000000e+09 2.124000000000000000e+03
1.539957530634000063e+09 2.268000000000000000e+03
1.539957604638000011e+09 2.412000000000000000e+03
1.539957678642999887e+09 2.556000000000000000e+03
1.540018325305000067e+09 1.300000000000000000e+01
1.540018400309000015e+09 1.090000000000000000e+02
1.540018474312999964e+09 2.530000000000000000e+02
1.540018511315000057e+09 3.960000000000000000e+02
1.540018735328000069e+09 4.080000000000000000e+02
1.540018809332999945e+09 4.200000000000000000e+02
1.540019218357000113e+09 1.300000000000000000e+01
1.540019293361000061e+09 1.090000000000000000e+02
1.540019367365999937e+09 2.530000000000000000e+02
1.540019441369999886e+09 3.960000000000000000e+02
1.540019590378999949e+09 5.400000000000000000e+02
1.540019665382999897e+09 6.360000000000000000e+02
1.540019739388000011e+09 7.800000000000000000e+02
1.540019813391999960e+09 9.240000000000000000e+02
1.540019888397000074e+09 1.068000000000000000e+03
1.540019962401000023e+09 1.212000000000000000e+03
1.540020037405999899e+09 1.308000000000000000e+03
1.540020111410000086e+09 1.452000000000000000e+03
1.540020260420000076e+09 1.596000000000000000e+03
1.540020334424000025e+09 1.740000000000000000e+03
1.540020409428999901e+09 1.884000000000000000e+03
1.540020483433000088e+09 1.980000000000000000e+03
1.540020557437999964e+09 2.124000000000000000e+03
1.540020632441999912e+09 2.268000000000000000e+03
1.540020706447000027e+09 2.412000000000000000e+03
1.540020781450999975e+09 2.556000000000000000e+03
