1.534475788934999943e+09 1.282752075195312500e+12
1.534475900535000086e+09 1.035162109375000000e+13
1.534476235335000038e+09 1.292183990478515625e+12
1.534476421335000038e+09 1.544490112304687500e+13
1.534476644535000086e+09 1.273320083618164062e+12
1.534476718934999943e+09 1.561467651367187500e+13
1.534476830535000086e+09 1.263888092041015625e+12
1.534476904934999943e+09 1.557223388671875000e+13
1.534477314134999990e+09 1.287468109130859375e+12
1.534477388535000086e+09 1.028559570312500000e+13
1.534477462934999943e+09 1.566183715820312500e+13
1.534477611734999895e+09 1.662861694335937500e+13
1.534477760535000086e+09 1.529870483398437500e+13
1.534477834934999943e+09 1.010638854980468750e+13
1.534478020934999943e+09 1.534586425781250000e+13
1.534478058134999990e+09 1.531756835937500000e+13
1.534478132535000086e+09 1.544490112304687500e+13
1.534478206934999943e+09 1.542603637695312500e+13
1.534478281335000038e+09 1.006866088867187500e+13
1.534478355734999895e+09 1.537416015625000000e+13
1.534478527335000038e+09 3.018711669921875000e+13
1.534478578934999943e+09 1.599195678710937500e+13
1.534478653335000038e+09 1.595422851562500000e+13
1.534478727734999895e+09 1.586934082031250000e+13
1.534478802134999990e+09 1.049781616210937500e+13
1.534478913734999895e+09 -1.414800047874450684e+10
1.534478947335000038e+09 -9.432000517845153809e+09
1.534479025335000038e+09 1.587877319335937500e+13
1.534479099734999895e+09 1.595422851562500000e+13
1.534479174134999990e+09 1.589763671875000000e+13
1.534479196934999943e+09 3.022484619140625000e+13
1.534479248535000086e+09 1.585990966796875000e+13
1.534479267734999895e+09 -4.716000258922576904e+09
1.534479271335000038e+09 3.013995849609375000e+13
1.534479308535000086e+09 3.057383056640625000e+13
1.534479345734999895e+09 3.042291748046875000e+13
1.534479345734999895e+09 3.042291748046875000e+13
1.534479382934999943e+09 3.025785888671875000e+13
1.534479393734999895e+09 9.432000517845153809e+09
1.534479397335000038e+09 -1.886400103569030762e+10
1.534479420134999990e+09 3.025314208984375000e+13
1.534479420134999990e+09 3.025314208984375000e+13
1.534479434535000086e+09 3.028143798828125000e+13
1.534479434535000086e+09 3.028143798828125000e+13
1.534594756934999943e+09 1.296900024414062500e+12
1.534594942934999943e+09 1.052611206054687500e+13
1.534595240535000086e+09 1.311048126220703125e+12
1.534595426535000086e+09 1.287468109130859375e+12
1.534595612535000086e+09 1.362924041748046875e+12
1.534596058934999943e+09 1.287468109130859375e+12
1.534596133335000038e+09 1.044122436523437500e+13
1.534596207734999895e+09 1.564768920898437500e+13
1.534596393734999895e+09 1.584104492187500000e+13
1.534596468134999990e+09 1.581274780273437500e+13
1.534596542535000086e+09 1.046008911132812500e+13
1.534596616934999943e+09 1.588820434570312500e+13
1.534596691335000038e+09 1.577030517578125000e+13
1.534596765734999895e+09 1.564768920898437500e+13
1.534596840134999990e+09 1.581746459960937500e+13
1.534596914535000086e+09 1.048838500976562500e+13
1.534596988934999943e+09 1.565240478515625000e+13
1.534597063335000038e+09 1.581746459960937500e+13
1.534597137734999895e+09 1.577502075195312500e+13
1.534597212134999990e+09 1.567598510742187500e+13
1.534597286535000086e+09 1.056384033203125000e+13
1.534597342934999943e+09 1.414800047874450684e+10
1.534597360934999943e+09 1.569484863281250000e+13
1.534597435335000038e+09 1.556280029296875000e+13
1.534597509734999895e+09 1.585519287109375000e+13
1.534597584134999990e+09 1.577502075195312500e+13
1.534597606934999943e+09 3.043706542968750000e+13
1.534597621335000038e+09 1.586934082031250000e+13
1.534597621335000038e+09 1.586934082031250000e+13
1.534659678134999990e+09 1.320480041503906250e+12
1.534659789734999895e+09 1.052611206054687500e+13
1.534659938535000086e+09 1.575144165039062500e+13
1.534660012934999943e+09 1.572786132812500000e+13
1.534660087335000038e+09 1.582218139648437500e+13
1.534660161734999895e+09 1.054969238281250000e+13
1.534660236134999990e+09 1.594008056640625000e+13
1.534660310535000086e+09 1.596366088867187500e+13
1.534660533734999895e+09 1.595422851562500000e+13
1.534660608134999990e+09 1.599195678710937500e+13
1.534660682535000086e+09 1.047895263671875000e+13
1.534660905734999895e+09 1.585047729492187500e+13
1.534661054535000086e+09 1.585519287109375000e+13
1.534661128934999943e+09 1.584104492187500000e+13
1.534661203335000038e+09 1.586934082031250000e+13
1.534661277734999895e+09 1.061100097656250000e+13
1.534661352134999990e+09 1.586462402343750000e+13
1.534661426535000086e+09 1.601553710937500000e+13
1.534661500934999943e+09 1.588820434570312500e+13
1.534661575335000038e+09 1.584104492187500000e+13
1.534661598134999990e+09 2.945142089843750000e+13
1.534661612535000086e+09 1.575144165039062500e+13
1.534661631734999895e+09 1.886400103569030762e+10
1.534661635335000038e+09 2.955517333984375000e+13
1.535025698535000086e+09 1.311048126220703125e+12
1.535025810134999990e+09 1.073833251953125000e+13
1.535025921734999895e+09 1.602968505859375000e+13
1.535026033335000038e+09 1.614758544921875000e+13
1.535026107734999895e+09 1.604383300781250000e+13
1.535026368134999990e+09 1.067702392578125000e+13
1.535026442535000086e+09 1.595422851562500000e+13
1.535026516934999943e+09 1.605798095703125000e+13
1.535026591335000038e+09 1.590706909179687500e+13
1.535026665734999895e+09 1.603440063476562500e+13
1.535026740134999990e+09 1.071475219726562500e+13
1.535026814535000086e+09 1.600610473632812500e+13
1.535026963335000038e+09 1.598252441406250000e+13
1.535027149335000038e+09 1.589291992187500000e+13
1.535027223734999895e+09 1.595894531250000000e+13
1.535027298134999990e+09 1.069588867187500000e+13
1.535027335335000038e+09 1.587405639648437500e+13
1.535027372535000086e+09 1.594951293945312500e+13
1.535027409734999895e+09 1.590235229492187500e+13
1.535027446934999943e+09 1.594951293945312500e+13
1.535027469734999895e+09 2.769235351562500000e+13
1.535027506934999943e+09 2.798002929687500000e+13
1.535027506934999943e+09 2.798002929687500000e+13
1.535027521335000038e+09 1.590235229492187500e+13
1.535027544134999990e+09 2.814509033203125000e+13
1.535027544134999990e+09 2.814509033203125000e+13
1.535027558535000086e+09 1.593536499023437500e+13
1.535054156535000086e+09 1.334627990722656250e+12
1.535054230934999943e+09 1.091754028320312500e+13
1.535054305335000038e+09 1.647770507812500000e+13
1.535054379734999895e+09 1.661446899414062500e+13
1.535054528535000086e+09 1.641168090820312500e+13
1.535054602934999943e+09 1.103544067382812500e+13
1.535054677335000038e+09 1.659088989257812500e+13
1.535054751734999895e+09 1.660032104492187500e+13
1.535054826134999990e+09 1.660503662109375000e+13
1.535054900535000086e+09 1.652014892578125000e+13
1.535054974934999943e+09 1.092225708007812500e+13
1.535055049335000038e+09 1.644469238281250000e+13
1.535055123734999895e+09 1.657202514648437500e+13
1.535055198134999990e+09 1.639281616210937500e+13
1.535055258134999990e+09 2.808378173828125000e+13
1.535055272535000086e+09 1.644469238281250000e+13
1.535055346934999943e+09 1.087038085937500000e+13
1.535055421335000038e+09 1.665219604492187500e+13
1.535055481335000038e+09 2.821583007812500000e+13
1.535055495734999895e+09 1.641639648437500000e+13
1.535055570134999990e+09 1.641639648437500000e+13
1.535055644535000086e+09 1.634094116210937500e+13
1.535055663734999895e+09 9.432000517845153809e+09
1.535055667335000038e+09 2.805548583984375000e+13
1.535055667335000038e+09 2.805548583984375000e+13
1.535055681734999895e+09 1.639281616210937500e+13
1.535055681734999895e+09 1.639281616210937500e+13
1.535055704535000086e+09 2.834787597656250000e+13
1.535055738134999990e+09 -9.432000517845153809e+09
1.535055741734999895e+09 2.796116699218750000e+13
1.535055756134999990e+09 1.630792846679687500e+13
1.535055778934999943e+09 2.803190429687500000e+13
1.535055793335000038e+09 1.639753295898437500e+13
1.535055816134999990e+09 2.808378173828125000e+13
1.535055830535000086e+09 1.644469238281250000e+13
1.535055853335000038e+09 2.827242187500000000e+13
1.535055867734999895e+09 1.641168090820312500e+13
1.535055867734999895e+09 1.641168090820312500e+13
1.535055890535000086e+09 2.792815185546875000e+13
1.535055890535000086e+09 2.792815185546875000e+13
1.535055890535000086e+09 2.792815185546875000e+13
1.535055901335000038e+09 0.000000000000000000e+00
1.535055927734999895e+09 2.808849609375000000e+13
1.535055942134999990e+09 4.716000258922576904e+09
1.535055964934999943e+09 2.800361083984375000e+13
1.535113934535000086e+09 1.367640075683593750e+12
1.535114120535000086e+09 1.069117309570312500e+13
1.535114306535000086e+09 1.607212890625000000e+13
1.535114380934999943e+09 1.619474487304687500e+13
1.535114455335000038e+09 1.619002929687500000e+13
1.535114529734999895e+09 1.067702392578125000e+13
1.535114604134999990e+09 1.615701660156250000e+13
1.535114678535000086e+09 1.629849731445312500e+13
1.535114752934999943e+09 1.606741333007812500e+13
1.535114827335000038e+09 1.625605224609375000e+13
1.535114901734999895e+09 1.070060424804687500e+13
1.535114976134999990e+09 1.626076904296875000e+13
1.535115050535000086e+09 1.615229980468750000e+13
1.535115124934999943e+09 1.611457275390625000e+13
1.535115199335000038e+09 1.595422851562500000e+13
1.535115273734999895e+09 1.059213745117187500e+13
1.535115348134999990e+09 1.610042480468750000e+13
1.535115422535000086e+09 1.596837646484375000e+13
1.535115496934999943e+09 1.615701660156250000e+13
1.535115571335000038e+09 1.608627685546875000e+13
1.535115594134999990e+09 2.869214599609375000e+13
1.535115608535000086e+09 0.000000000000000000e+00
1.535115631335000038e+09 2.856952880859375000e+13
1.535115645734999895e+09 9.432000517845153809e+09
1.535115645734999895e+09 9.432000517845153809e+09
1.535115645734999895e+09 9.432000517845153809e+09
1.535115668535000086e+09 2.899396972656250000e+13
1.535115668535000086e+09 2.899396972656250000e+13
1.535115679335000038e+09 0.000000000000000000e+00
1.535248695734999895e+09 1.306332092285156250e+12
1.535249365335000038e+09 1.287468109130859375e+12
1.535249476934999943e+09 1.059685302734375000e+13
1.535249886134999990e+09 1.282752075195312500e+12
1.535249923335000038e+09 1.072890014648437500e+13
1.535249997734999895e+09 1.598724121093750000e+13
1.535250072134999990e+09 1.609570922851562500e+13
1.535250146535000086e+09 1.607212890625000000e+13
1.535250220934999943e+09 1.067230957031250000e+13
1.535250295335000038e+09 1.602025268554687500e+13
1.535250369734999895e+09 1.598252441406250000e+13
1.535250444134999990e+09 1.603440063476562500e+13
1.535250518535000086e+09 1.604854858398437500e+13
1.535250592934999943e+09 1.066287719726562500e+13
1.535250667335000038e+09 1.607684448242187500e+13
1.535250741734999895e+09 1.607684448242187500e+13
1.535250816134999990e+09 1.596837646484375000e+13
1.535250890535000086e+09 1.598724121093750000e+13
1.535250964934999943e+09 1.070531982421875000e+13
1.535251039335000038e+09 1.594008056640625000e+13
1.535251113734999895e+09 1.601553710937500000e+13
1.535251188134999990e+09 1.620889282226562500e+13
1.535251262535000086e+09 1.609570922851562500e+13
1.535251285335000038e+09 2.742354248046875000e+13
1.535251285335000038e+09 2.742354248046875000e+13
1.535251336934999943e+09 1.602968505859375000e+13
1.535251336934999943e+09 1.602968505859375000e+13
1.535251374134999990e+09 1.595894531250000000e+13
1.535323855335000038e+09 1.334627990722656250e+12
1.535323929734999895e+09 1.074776489257812500e+13
1.535324078535000086e+09 1.611928955078125000e+13
1.535324152934999943e+09 1.603440063476562500e+13
1.535324227335000038e+09 1.612872070312500000e+13
1.535324301734999895e+09 1.076662841796875000e+13
1.535324376134999990e+09 1.606741333007812500e+13
1.535324450535000086e+09 1.603911743164062500e+13
1.535324524934999943e+09 1.602025268554687500e+13
1.535324599335000038e+09 1.608156127929687500e+13
1.535324673734999895e+09 1.067702392578125000e+13
1.535324748134999990e+09 1.608156127929687500e+13
1.535324896934999943e+09 1.608627685546875000e+13
1.535324971335000038e+09 1.610514038085937500e+13
1.535325045734999895e+09 1.610042480468750000e+13
1.535325120134999990e+09 1.078077636718750000e+13
1.535325194535000086e+09 1.596366088867187500e+13
1.535325268934999943e+09 1.617116577148437500e+13
1.535325343335000038e+09 1.601082153320312500e+13
1.535325417734999895e+09 1.602496826171875000e+13
1.535325436934999943e+09 0.000000000000000000e+00
1.535387108535000086e+09 1.226160049438476562e+12
1.535388075734999895e+09 1.048838500976562500e+13
1.535388112934999943e+09 1.581746459960937500e+13
1.535388187335000038e+09 1.568541625976562500e+13
1.535388261734999895e+09 1.579860107421875000e+13
1.535388336134999990e+09 1.040821289062500000e+13
1.535388410535000086e+09 1.579388427734375000e+13
1.535388484934999943e+09 1.572786132812500000e+13
1.535388633734999895e+09 1.562410888671875000e+13
1.535388708134999990e+09 1.551092529296875000e+13
1.535388782535000086e+09 1.042236083984375000e+13
1.535388856934999943e+09 1.561467651367187500e+13
1.535388931335000038e+09 1.569484863281250000e+13
1.535389005734999895e+09 1.560996093750000000e+13
1.535389154535000086e+09 1.569013305664062500e+13
1.535389228934999943e+09 1.050724853515625000e+13
1.535389303335000038e+09 1.564768920898437500e+13
1.535389377734999895e+09 1.556280029296875000e+13
1.535389452134999990e+09 1.560524414062500000e+13
1.535389526535000086e+09 1.562882446289062500e+13
1.535389563734999895e+09 1.886400103569030762e+10
1.535389563734999895e+09 1.886400103569030762e+10
1.535389582934999943e+09 9.432000517845153809e+09
1.535389597335000038e+09 4.716000258922576904e+09
1.535389620134999990e+09 0.000000000000000000e+00
1.535389638134999990e+09 0.000000000000000000e+00
1.535389638134999990e+09 0.000000000000000000e+00
1.535389657335000038e+09 1.886400103569030762e+10
1.535389675335000038e+09 0.000000000000000000e+00
1.535413683734999895e+09 1.226160049438476562e+12
1.535413795335000038e+09 1.036576782226562500e+13
1.535413906934999943e+09 1.545433227539062500e+13
1.535413981335000038e+09 1.562410888671875000e+13
1.535414055734999895e+09 1.555336791992187500e+13
1.535414130134999990e+09 1.036576782226562500e+13
1.535414204535000086e+09 1.547791259765625000e+13
1.535414278934999943e+09 1.558166503906250000e+13
1.535414353335000038e+09 1.567126953125000000e+13
1.535414427734999895e+09 1.563354003906250000e+13
1.535414502134999990e+09 1.039878051757812500e+13
1.535414576535000086e+09 1.557694824218750000e+13
1.535414650934999943e+09 1.566655273437500000e+13
1.535414725335000038e+09 1.557223388671875000e+13
1.535414799734999895e+09 1.559109741210937500e+13
1.535414874134999990e+09 1.049310058593750000e+13
1.535414948535000086e+09 1.544018554687500000e+13
1.535414985734999895e+09 1.563825683593750000e+13
1.535415022934999943e+09 1.555336791992187500e+13
1.535415097335000038e+09 1.545904907226562500e+13
1.535415171734999895e+09 1.553450439453125000e+13
1.535415190934999943e+09 -4.716000258922576904e+09
1.535415208934999943e+09 1.561467651367187500e+13
1.535415268934999943e+09 0.000000000000000000e+00
1.535515724535000086e+09 1.226160049438476562e+12
1.535515873335000038e+09 1.084680053710937500e+13
1.535516022134999990e+09 1.612872070312500000e+13
1.535516170934999943e+09 1.613815307617187500e+13
1.535516245335000038e+09 1.611928955078125000e+13
1.535516319734999895e+09 1.077606079101562500e+13
1.535516394134999990e+09 1.602968505859375000e+13
1.535516468535000086e+09 1.606741333007812500e+13
1.535516542934999943e+09 1.613815307617187500e+13
1.535516617335000038e+09 1.617116577148437500e+13
1.535516691734999895e+09 1.072890014648437500e+13
1.535516766134999990e+09 1.630792846679687500e+13
1.535516840535000086e+09 1.624662109375000000e+13
1.535516914934999943e+09 1.622304077148437500e+13
1.535516989335000038e+09 1.625133789062500000e+13
1.535517045734999895e+09 0.000000000000000000e+00
1.535517063734999895e+09 1.071475219726562500e+13
1.535517138134999990e+09 1.619946166992187500e+13
1.535517198134999990e+09 2.874873779296875000e+13
1.535517212535000086e+09 1.616173339843750000e+13
1.535517249734999895e+09 1.620417602539062500e+13
1.535517286934999943e+09 1.609570922851562500e+13
1.535517361335000038e+09 1.623247192382812500e+13
1.535517384134999990e+09 2.861197265625000000e+13
1.535517421335000038e+09 2.840447021484375000e+13
1.535517421335000038e+09 2.840447021484375000e+13
1.535517421335000038e+09 2.840447021484375000e+13
1.535517432134999990e+09 0.000000000000000000e+00
1.535517454934999943e+09 -4.716000258922576904e+09
1.535517458535000086e+09 2.828656982421875000e+13
1.535517472934999943e+09 2.889493408203125000e+13
1.535547286934999943e+09 1.202580108642578125e+12
1.535547361335000038e+09 1.060156860351562500e+13
1.535547435734999895e+09 1.593536499023437500e+13
1.535547658934999943e+09 1.596837646484375000e+13
1.535547696134999990e+09 1.611457275390625000e+13
1.535547770535000086e+09 1.069117309570312500e+13
1.535547844934999943e+09 1.606269653320312500e+13
1.535547919335000038e+09 1.599195678710937500e+13
1.535547993734999895e+09 1.607684448242187500e+13
1.535548068134999990e+09 1.601553710937500000e+13
1.535548142535000086e+09 1.066287719726562500e+13
1.535548216934999943e+09 1.599195678710937500e+13
1.535548291335000038e+09 1.590235229492187500e+13
1.535548365734999895e+09 1.585519287109375000e+13
1.535548440134999990e+09 1.589291992187500000e+13
1.535548514535000086e+09 1.055912475585937500e+13
1.535548588934999943e+09 1.582218139648437500e+13
1.535548588934999943e+09 1.582218139648437500e+13
1.535548608134999990e+09 1.414800047874450684e+10
1.535548663335000038e+09 1.589763671875000000e+13
1.535548700535000086e+09 1.585047729492187500e+13
1.535548737734999895e+09 1.592121704101562500e+13
1.535548812134999990e+09 1.589763671875000000e+13
1.535548831335000038e+09 0.000000000000000000e+00
1.535548831335000038e+09 0.000000000000000000e+00
1.535548849335000038e+09 1.581746459960937500e+13
1.535548849335000038e+09 1.581746459960937500e+13
1.535548868535000086e+09 4.716000258922576904e+09
1.535548886535000086e+09 1.585990966796875000e+13
1.535548905734999895e+09 4.716000258922576904e+09
1.535548905734999895e+09 4.716000258922576904e+09
1.535548923734999895e+09 1.594479614257812500e+13
1.535548942934999943e+09 -9.432000517845153809e+09
1.535548960934999943e+09 1.592121704101562500e+13
1.535548983734999895e+09 0.000000000000000000e+00
1.535573629335000038e+09 1.212012023925781250e+12
1.535573778134999990e+09 1.052611206054687500e+13
1.535573852535000086e+09 1.562882446289062500e+13
1.535573926934999943e+09 1.588348876953125000e+13
1.535574001335000038e+09 1.577973754882812500e+13
1.535574075734999895e+09 1.056855712890625000e+13
1.535574150134999990e+09 1.598724121093750000e+13
1.535574224535000086e+09 1.601082153320312500e+13
1.535574298934999943e+09 1.582218139648437500e+13
1.535574373335000038e+09 1.604383300781250000e+13
1.535574447734999895e+09 1.062986450195312500e+13
1.535574522134999990e+09 1.592593261718750000e+13
1.535574596535000086e+09 1.603440063476562500e+13
1.535574670934999943e+09 1.599195678710937500e+13
1.535574745335000038e+09 1.585990966796875000e+13
1.535574819734999895e+09 1.054497680664062500e+13
1.535574856934999943e+09 1.587877319335937500e+13
1.535574894134999990e+09 1.599667236328125000e+13
1.535574954134999990e+09 2.825355712890625000e+13
1.535574968535000086e+09 1.588348876953125000e+13
1.535574987734999895e+09 1.414800047874450684e+10
1.535575042934999943e+09 1.601082153320312500e+13
1.535575080134999990e+09 1.591178588867187500e+13
1.535575102934999943e+09 2.858839355468750000e+13
1.535575102934999943e+09 2.858839355468750000e+13
1.535575113734999895e+09 1.886400103569030762e+10
1.535575117335000038e+09 -9.432000517845153809e+09
1.535575140134999990e+09 2.852237060546875000e+13
1.535575140134999990e+09 2.852237060546875000e+13
1.535575154535000086e+09 2.845634521484375000e+13
1.535575154535000086e+09 2.845634521484375000e+13
1.535575168934999943e+09 2.834316162109375000e+13
1.535575183335000038e+09 2.874402343750000000e+13
1.535575183335000038e+09 2.874402343750000000e+13
1.535618034134999990e+09 1.202580108642578125e+12
1.535618108535000086e+09 1.085623291015625000e+13
1.535618220134999990e+09 1.637866943359375000e+13
1.535618294535000086e+09 1.651543212890625000e+13
1.535618368934999943e+09 1.633622436523437500e+13
1.535618443335000038e+09 1.087038085937500000e+13
1.535618517734999895e+09 1.641639648437500000e+13
1.535618592134999990e+09 1.638338500976562500e+13
1.535618666535000086e+09 1.636923706054687500e+13
1.535618740934999943e+09 1.642582885742187500e+13
1.535618815335000038e+09 1.090339233398437500e+13
1.535618889734999895e+09 1.648242065429687500e+13
1.535618964134999990e+09 1.637395263671875000e+13
1.535619038535000086e+09 1.625133789062500000e+13
1.535619112934999943e+09 1.619474487304687500e+13
1.535619187335000038e+09 1.087038085937500000e+13
1.535619261734999895e+09 1.627491699218750000e+13
1.535619336134999990e+09 1.634094116210937500e+13
1.535619410535000086e+09 1.619946166992187500e+13
1.535619484934999943e+09 1.623247192382812500e+13
1.535619504134999990e+09 -4.716000258922576904e+09
1.535619507734999895e+09 2.838560546875000000e+13
1.535619522134999990e+09 1.617588012695312500e+13
1.535619544934999943e+09 2.823940917968750000e+13
1.535619544934999943e+09 2.823940917968750000e+13
1.535619544934999943e+09 2.823940917968750000e+13
1.535736831734999895e+09 1.311048126220703125e+12
1.535736906134999990e+09 1.062986450195312500e+13
1.535737129335000038e+09 1.614758544921875000e+13
1.535737203734999895e+09 1.613343627929687500e+13
1.535737278134999990e+09 1.607684448242187500e+13
1.535737352535000086e+09 1.070060424804687500e+13
1.535737426934999943e+09 1.611457275390625000e+13
1.535737501335000038e+09 1.619474487304687500e+13
1.535737575734999895e+09 1.605798095703125000e+13
1.535737650134999990e+09 1.619474487304687500e+13
1.535737724535000086e+09 1.061571655273437500e+13
1.535737798934999943e+09 1.605798095703125000e+13
1.535737873335000038e+09 1.596837646484375000e+13
1.535737947734999895e+09 1.602025268554687500e+13
1.535738022134999990e+09 1.614286865234375000e+13
1.535738096535000086e+09 1.066759277343750000e+13
1.535738170934999943e+09 1.611457275390625000e+13
1.535738230934999943e+09 2.881004394531250000e+13
1.535738245335000038e+09 1.613343627929687500e+13
1.535738319734999895e+09 1.603440063476562500e+13
1.535738394134999990e+09 1.615701660156250000e+13
1.535738454134999990e+09 2.871572509765625000e+13
1.535738454134999990e+09 2.871572509765625000e+13
1.535745170535000086e+09 1.301616058349609375e+12
1.535745244934999943e+09 1.071946899414062500e+13
1.535745319335000038e+09 1.611457275390625000e+13
1.535745393734999895e+09 1.611928955078125000e+13
1.535745468134999990e+09 1.616173339843750000e+13
1.535745542535000086e+09 1.083736816406250000e+13
1.535745616934999943e+09 1.608627685546875000e+13
1.535745691335000038e+09 1.605798095703125000e+13
1.535745765734999895e+09 1.612400512695312500e+13
1.535745840134999990e+09 1.607684448242187500e+13
1.535745914535000086e+09 1.069588867187500000e+13
1.535745988934999943e+09 1.607212890625000000e+13
1.535746063335000038e+09 1.616644897460937500e+13
1.535746137734999895e+09 1.600138916015625000e+13
1.535746212134999990e+09 1.610514038085937500e+13
1.535746360934999943e+09 1.064872802734375000e+13
1.535746435335000038e+09 1.615229980468750000e+13
1.535746509734999895e+09 1.615229980468750000e+13
1.535746584134999990e+09 1.612400512695312500e+13
1.535746658535000086e+09 1.625605224609375000e+13
1.535794908134999990e+09 1.339344024658203125e+12
1.535794982535000086e+09 1.064872802734375000e+13
1.535795912535000086e+09 1.311048126220703125e+12
1.535796061335000038e+09 1.066759277343750000e+13
1.535796135734999895e+09 1.597309204101562500e+13
1.535796210134999990e+09 1.609570922851562500e+13
1.535796284535000086e+09 1.619002929687500000e+13
1.535796358934999943e+09 1.062986450195312500e+13
1.535796433335000038e+09 1.601082153320312500e+13
1.535796507734999895e+09 1.607212890625000000e+13
1.535796582134999990e+09 1.604854858398437500e+13
1.535796656535000086e+09 1.595894531250000000e+13
1.535796730934999943e+09 1.073833251953125000e+13
1.535796805335000038e+09 1.592593261718750000e+13
1.535796879734999895e+09 1.601553710937500000e+13
1.535796954134999990e+09 1.599195678710937500e+13
1.535797028535000086e+09 1.601553710937500000e+13
1.535797102934999943e+09 1.063458007812500000e+13
1.535797177335000038e+09 1.615229980468750000e+13
1.535797237335000038e+09 2.867799804687500000e+13
1.535797251734999895e+09 1.598724121093750000e+13
1.535797326134999990e+09 1.592121704101562500e+13
1.535797400535000086e+09 1.608627685546875000e+13
1.535797419734999895e+09 4.716000258922576904e+09
1.535797423335000038e+09 2.869686279296875000e+13
1.535797423335000038e+09 2.869686279296875000e+13
1.535797437734999895e+09 1.607212890625000000e+13
1.535829638535000086e+09 1.315764007568359375e+12
1.535829712934999943e+09 1.070531982421875000e+13
1.535829787335000038e+09 1.605326416015625000e+13
1.535829861734999895e+09 1.606269653320312500e+13
1.535829936134999990e+09 1.603911743164062500e+13
1.535830010535000086e+09 1.067230957031250000e+13
1.535830084934999943e+09 1.605326416015625000e+13
1.535830159335000038e+09 1.603440063476562500e+13
1.535830233734999895e+09 1.617588012695312500e+13
1.535830308134999990e+09 1.607212890625000000e+13
1.535830382535000086e+09 1.072418457031250000e+13
1.535830456934999943e+09 1.617588012695312500e+13
1.535830531335000038e+09 1.602968505859375000e+13
1.535830605734999895e+09 1.606741333007812500e+13
1.535830680134999990e+09 1.607212890625000000e+13
1.535830754535000086e+09 1.059213745117187500e+13
1.535830828934999943e+09 1.605326416015625000e+13
1.535830903335000038e+09 1.604383300781250000e+13
1.535830977734999895e+09 1.619002929687500000e+13
1.535831052134999990e+09 1.616644897460937500e+13
1.535831071335000038e+09 0.000000000000000000e+00
1.535831074934999943e+09 2.859782470703125000e+13
1.535831074934999943e+09 2.859782470703125000e+13
1.535831089335000038e+09 1.603440063476562500e+13
1.535831108535000086e+09 4.716000258922576904e+09
1.535851620134999990e+09 1.301616058349609375e+12
1.535851731734999895e+09 1.056384033203125000e+13
1.535851806134999990e+09 1.599667236328125000e+13
1.535851880535000086e+09 1.596837646484375000e+13
1.535851954934999943e+09 1.592593261718750000e+13
1.535852029335000038e+09 1.060156860351562500e+13
1.535852103734999895e+09 1.588820434570312500e+13
1.535852178134999990e+09 1.593064941406250000e+13
1.535852252535000086e+09 1.606269653320312500e+13
1.535852326934999943e+09 1.579860107421875000e+13
1.535852401335000038e+09 1.056384033203125000e+13
1.535852475734999895e+09 1.581746459960937500e+13
1.535852550134999990e+09 1.590235229492187500e+13
1.535852624535000086e+09 1.584104492187500000e+13
1.535852698934999943e+09 1.593064941406250000e+13
1.535852773335000038e+09 1.053554443359375000e+13
1.535852829734999895e+09 1.414800047874450684e+10
1.535852847734999895e+09 1.588348876953125000e+13
1.535852847734999895e+09 1.588348876953125000e+13
1.535852922134999990e+09 1.594008056640625000e+13
1.535852944934999943e+09 2.837617431640625000e+13
1.535852996535000086e+09 1.595894531250000000e+13
1.535853019335000038e+09 2.804605224609375000e+13
1.535853070934999943e+09 1.602496826171875000e+13
1.535853093734999895e+09 2.842333496093750000e+13
1.535853108134999990e+09 1.583161376953125000e+13
1.535853130934999943e+09 2.837617431640625000e+13
1.535853130934999943e+09 2.837617431640625000e+13
1.535853145335000038e+09 0.000000000000000000e+00
1.535853145335000038e+09 0.000000000000000000e+00
1.535853168134999990e+09 2.818281738281250000e+13
1.535853182535000086e+09 2.892794433593750000e+13
1.535853196934999943e+09 2.889021728515625000e+13
1.535883272535000086e+09 1.311048126220703125e+12
1.535883346934999943e+09 1.068174072265625000e+13
1.535883421335000038e+09 1.591178588867187500e+13
1.535883495734999895e+09 1.588820434570312500e+13
1.535883570134999990e+09 1.603440063476562500e+13
1.535883644535000086e+09 1.060628417968750000e+13
1.535883718934999943e+09 1.597780883789062500e+13
1.535883793335000038e+09 1.590235229492187500e+13
1.535883867734999895e+09 1.592593261718750000e+13
1.535883942134999990e+09 1.598252441406250000e+13
1.535884016535000086e+09 1.052139648437500000e+13
1.535884090934999943e+09 1.593536499023437500e+13
1.535884165335000038e+09 1.595422851562500000e+13
1.535884239734999895e+09 1.596837646484375000e+13
1.535884314134999990e+09 1.603911743164062500e+13
1.535884388535000086e+09 1.059685302734375000e+13
1.535884462934999943e+09 1.596366088867187500e+13
1.535884537335000038e+09 1.604383300781250000e+13
1.535884574535000086e+09 1.069117309570312500e+13
1.535884574535000086e+09 1.069117309570312500e+13
1.535884611734999895e+09 1.590706909179687500e+13
1.535884686134999990e+09 1.603911743164062500e+13
1.535884708934999943e+09 2.846577636718750000e+13
1.535884742535000086e+09 0.000000000000000000e+00
1.535884746134999990e+09 2.874873779296875000e+13
1.535884760535000086e+09 1.591650024414062500e+13
1.535884783335000038e+09 2.911658691406250000e+13
1.535920171335000038e+09 1.296900024414062500e+12
1.535920245734999895e+09 1.066759277343750000e+13
1.535920320134999990e+09 1.585047729492187500e+13
1.535920357335000038e+09 1.605326416015625000e+13
1.535920394535000086e+09 1.604854858398437500e+13
1.535920468934999943e+09 1.074776489257812500e+13
1.535920543335000038e+09 1.600610473632812500e+13
1.535920617734999895e+09 1.600138916015625000e+13
1.535920692134999990e+09 1.606741333007812500e+13
1.535920766535000086e+09 1.586934082031250000e+13
1.535920840934999943e+09 1.066287719726562500e+13
1.535920915335000038e+09 1.608627685546875000e+13
1.535920989734999895e+09 1.604383300781250000e+13
1.535921064134999990e+09 1.594479614257812500e+13
1.535921138535000086e+09 1.594951293945312500e+13
1.535921212934999943e+09 1.078077636718750000e+13
1.535921235734999895e+09 2.901754882812500000e+13
1.535921287335000038e+09 1.601082153320312500e+13
1.535921310134999990e+09 2.841861816406250000e+13
1.535921361734999895e+09 1.604383300781250000e+13
1.535921436134999990e+09 1.602496826171875000e+13
1.535921510535000086e+09 1.602025268554687500e+13
1.535921533335000038e+09 2.856481445312500000e+13
1.535921547734999895e+09 1.602496826171875000e+13
1.535921547734999895e+09 1.602496826171875000e+13
1.535921570535000086e+09 2.878646484375000000e+13
1.535921570535000086e+09 2.878646484375000000e+13
1.535921584934999943e+09 1.598724121093750000e+13
1.535921607734999895e+09 2.860254150390625000e+13
1.535921622134999990e+09 1.604854858398437500e+13
1.535921644934999943e+09 2.882419433593750000e+13
1.535921644934999943e+09 2.882419433593750000e+13
1.535921655734999895e+09 4.716000258922576904e+09
1.535952118934999943e+09 1.334627990722656250e+12
1.535952267734999895e+09 1.057327148437500000e+13
1.535952416535000086e+09 1.602968505859375000e+13
1.535952490934999943e+09 1.593064941406250000e+13
1.535952565335000038e+09 1.606741333007812500e+13
1.535952639734999895e+09 1.068174072265625000e+13
1.535952714134999990e+09 1.599667236328125000e+13
1.535952788535000086e+09 1.605798095703125000e+13
1.535952862934999943e+09 1.581274780273437500e+13
1.535952937335000038e+09 1.601553710937500000e+13
1.535953011734999895e+09 1.071475219726562500e+13
1.535953086134999990e+09 1.590706909179687500e+13
1.535953160535000086e+09 1.602968505859375000e+13
1.535953234934999943e+09 1.599195678710937500e+13
1.535953309335000038e+09 1.594951293945312500e+13
1.535953383734999895e+09 1.069117309570312500e+13
1.535953406535000086e+09 2.868742919921875000e+13
1.535953458134999990e+09 1.600610473632812500e+13
1.535953518134999990e+09 2.894680908203125000e+13
1.535953532535000086e+09 1.596837646484375000e+13
1.535953606934999943e+09 1.601553710937500000e+13
1.535953718535000086e+09 1.590706909179687500e+13
1.535953755734999895e+09 1.605798095703125000e+13
1.535953778535000086e+09 2.874402343750000000e+13
1.535953778535000086e+09 2.874402343750000000e+13
1.535953792934999943e+09 1.611928955078125000e+13
1.535953792934999943e+09 1.611928955078125000e+13
1.535953815734999895e+09 2.879589843750000000e+13
1.535953815734999895e+09 2.879589843750000000e+13
1.535988681734999895e+09 1.320480041503906250e+12
1.535988756134999990e+09 1.075719604492187500e+13
1.535988830535000086e+09 1.616173339843750000e+13
1.535988904934999943e+09 1.624662109375000000e+13
1.535988979335000038e+09 1.603911743164062500e+13
1.535989053734999895e+09 1.077134521484375000e+13
1.535989128134999990e+09 1.623718872070312500e+13
1.535989202535000086e+09 1.616644897460937500e+13
1.535989276934999943e+09 1.612872070312500000e+13
1.535989351335000038e+09 1.618059692382812500e+13
1.535989425734999895e+09 1.074304931640625000e+13
1.535989500134999990e+09 1.624190551757812500e+13
1.535989574535000086e+09 1.610985717773437500e+13
1.535989648934999943e+09 1.625605224609375000e+13
1.535989723335000038e+09 1.613343627929687500e+13
1.535989797734999895e+09 1.068645629882812500e+13
1.535989872134999990e+09 1.610514038085937500e+13
1.535989946535000086e+09 1.604854858398437500e+13
1.535990020934999943e+09 1.619474487304687500e+13
1.535990095335000038e+09 1.618059692382812500e+13
1.535990132535000086e+09 1.618531250000000000e+13
1.536036458535000086e+09 1.325196075439453125e+12
1.536036532934999943e+09 1.071003662109375000e+13
1.536036607335000038e+09 1.623247192382812500e+13
1.536036644535000086e+09 1.627020141601562500e+13
1.536036681734999895e+09 1.625133789062500000e+13
1.536036756134999990e+09 1.073833251953125000e+13
1.536036830535000086e+09 1.624190551757812500e+13
1.536036904934999943e+09 1.616644897460937500e+13
1.536036979335000038e+09 1.612400512695312500e+13
1.536037053734999895e+09 1.616644897460937500e+13
1.536037128134999990e+09 1.081378784179687500e+13
1.536037202535000086e+09 1.612872070312500000e+13
1.536037276934999943e+09 1.618059692382812500e+13
1.536037351335000038e+09 1.625133789062500000e+13
1.536037425734999895e+09 1.641168090820312500e+13
1.536037500134999990e+09 1.076662841796875000e+13
1.536037574535000086e+09 1.612872070312500000e+13
1.536037648934999943e+09 1.616644897460937500e+13
1.536037723335000038e+09 1.615229980468750000e+13
1.536037797734999895e+09 1.620889282226562500e+13
1.536037820535000086e+09 2.893737792968750000e+13
1.536037834934999943e+09 1.622304077148437500e+13
1.536037834934999943e+09 1.622304077148437500e+13
1.536037857734999895e+09 2.881947753906250000e+13
1.536037857734999895e+09 2.881947753906250000e+13
1.536037891335000038e+09 4.716000258922576904e+09
1.536037909335000038e+09 1.619946166992187500e+13
1.536088806134999990e+09 1.329912109375000000e+12
1.536088880535000086e+09 1.067702392578125000e+13
1.536088954934999943e+09 1.614758544921875000e+13
1.536089029335000038e+09 1.606269653320312500e+13
1.536089103734999895e+09 1.617588012695312500e+13
1.536089178134999990e+09 1.070060424804687500e+13
1.536089252535000086e+09 1.617588012695312500e+13
1.536089326934999943e+09 1.611928955078125000e+13
1.536089401335000038e+09 1.624190551757812500e+13
1.536089475734999895e+09 1.615701660156250000e+13
1.536089550134999990e+09 1.079020874023437500e+13
1.536089624535000086e+09 1.618531250000000000e+13
1.536089698934999943e+09 1.621832519531250000e+13
1.536089773335000038e+09 1.594479614257812500e+13
1.536089847734999895e+09 1.624190551757812500e+13
1.536089922134999990e+09 1.078549194335937500e+13
1.536089996535000086e+09 1.621360839843750000e+13
1.536090070934999943e+09 1.602968505859375000e+13
1.536090219734999895e+09 1.618531250000000000e+13
1.536090294134999990e+09 1.629378051757812500e+13
1.536090354134999990e+09 2.856009765625000000e+13
1.536144332535000086e+09 1.367640075683593750e+12
1.536144444134999990e+09 1.077134521484375000e+13
1.536144518535000086e+09 1.613815307617187500e+13
1.536144592934999943e+09 1.610042480468750000e+13
1.536144667335000038e+09 1.619474487304687500e+13
1.536144741734999895e+09 1.073833251953125000e+13
1.536144816134999990e+09 1.611457275390625000e+13
1.536144890535000086e+09 1.615701660156250000e+13
1.536144964934999943e+09 1.615701660156250000e+13
1.536145039335000038e+09 1.605326416015625000e+13
1.536145188134999990e+09 1.077606079101562500e+13
1.536145262535000086e+09 1.630321289062500000e+13
1.536145336934999943e+09 1.604383300781250000e+13
1.536145411335000038e+09 1.616173339843750000e+13
1.536145485734999895e+09 1.610514038085937500e+13
1.536145560134999990e+09 1.079020874023437500e+13
1.536145634535000086e+09 1.624190551757812500e+13
1.536145708934999943e+09 1.605326416015625000e+13
1.536145783335000038e+09 1.627491699218750000e+13
1.536145857734999895e+09 1.639281616210937500e+13
1.536145876934999943e+09 1.886400103569030762e+10
1.536145894934999943e+09 1.886400103569030762e+10
1.536145928535000086e+09 1.414800047874450684e+10
1.536145928535000086e+09 1.414800047874450684e+10
1.536145932134999990e+09 0.000000000000000000e+00
1.536145951335000038e+09 -9.432000517845153809e+09
1.536145954934999943e+09 9.432000517845153809e+09
1.536145969335000038e+09 4.716000258922576904e+09
1.536145969335000038e+09 4.716000258922576904e+09
1.536145969335000038e+09 4.716000258922576904e+09
1.536145992134999990e+09 1.414800047874450684e+10
1.536145992134999990e+09 1.414800047874450684e+10
1.536146002934999943e+09 0.000000000000000000e+00
1.536146025734999895e+09 9.432000517845153809e+09
1.536146029335000038e+09 1.320480155944824219e+11
1.536195943335000038e+09 1.344060058593750000e+12
1.536196017734999895e+09 1.067702392578125000e+13
1.536196092134999990e+09 1.617588012695312500e+13
1.536196166535000086e+09 1.612400512695312500e+13
1.536196240934999943e+09 1.606269653320312500e+13
1.536196315335000038e+09 1.077134521484375000e+13
1.536196389734999895e+09 1.616644897460937500e+13
1.536196464134999990e+09 1.604854858398437500e+13
1.536196538535000086e+09 1.602968505859375000e+13
1.536196612934999943e+09 1.610985717773437500e+13
1.536196687335000038e+09 1.073833251953125000e+13
1.536196761734999895e+09 1.613815307617187500e+13
1.536196836134999990e+09 1.616644897460937500e+13
1.536196910535000086e+09 1.619002929687500000e+13
1.536196984934999943e+09 1.591178588867187500e+13
1.536197059335000038e+09 1.072418457031250000e+13
1.536197133734999895e+09 1.612872070312500000e+13
1.536197208134999990e+09 1.603440063476562500e+13
1.536197282535000086e+09 1.615229980468750000e+13
1.536197319734999895e+09 1.591650024414062500e+13
1.536236864535000086e+09 1.362924041748046875e+12
1.536236976134999990e+09 1.084680053710937500e+13
1.536237087734999895e+09 1.619946166992187500e+13
1.536237162134999990e+09 1.610042480468750000e+13
1.536237236535000086e+09 1.622304077148437500e+13
1.536237310934999943e+09 1.083736816406250000e+13
1.536237385335000038e+09 1.628906494140625000e+13
1.536237459734999895e+09 1.631736083984375000e+13
1.536237534134999990e+09 1.620417602539062500e+13
1.536237608535000086e+09 1.625605224609375000e+13
1.536237682934999943e+09 1.067230957031250000e+13
1.536237757335000038e+09 1.639753295898437500e+13
1.536237831734999895e+09 1.622775634765625000e+13
1.536237906134999990e+09 1.616644897460937500e+13
1.536237980535000086e+09 1.619002929687500000e+13
1.536238054934999943e+09 1.079492431640625000e+13
1.536238129335000038e+09 1.629849731445312500e+13
1.536238203734999895e+09 1.632679321289062500e+13
1.536238278134999990e+09 1.638338500976562500e+13
1.536238352535000086e+09 1.626076904296875000e+13
1.536238375335000038e+09 2.886663574218750000e+13
1.536238389734999895e+09 1.643526123046875000e+13
1.536238423335000038e+09 0.000000000000000000e+00
1.536238449734999895e+09 2.872987304687500000e+13
1.536238449734999895e+09 2.872987304687500000e+13
1.536238460535000086e+09 0.000000000000000000e+00
1.536238483335000038e+09 -9.432000517845153809e+09
1.536238486934999943e+09 2.885249023437500000e+13
1.536238497734999895e+09 0.000000000000000000e+00
1.536238497734999895e+09 0.000000000000000000e+00
1.536238501335000038e+09 0.000000000000000000e+00
1.536238524134999990e+09 2.868742919921875000e+13
1.536238524134999990e+09 2.868742919921875000e+13
1.536278269335000038e+09 1.353492126464843750e+12
1.536278343734999895e+09 1.084680053710937500e+13
1.536278418134999990e+09 1.613815307617187500e+13
1.536278492535000086e+09 1.610042480468750000e+13
1.536278566934999943e+09 1.620417602539062500e+13
1.536278641335000038e+09 1.075248046875000000e+13
1.536278715734999895e+09 1.614286865234375000e+13
1.536278790134999990e+09 1.632207763671875000e+13
1.536278864535000086e+09 1.620417602539062500e+13
1.536278938934999943e+09 1.614758544921875000e+13
1.536279013335000038e+09 1.079020874023437500e+13
1.536279162134999990e+09 1.632207763671875000e+13
1.536279236535000086e+09 1.630792846679687500e+13
1.536279310934999943e+09 1.625133789062500000e+13
1.536279385335000038e+09 1.626548461914062500e+13
1.536279459734999895e+09 1.079020874023437500e+13
1.536279534134999990e+09 1.622775634765625000e+13
1.536279608535000086e+09 1.617116577148437500e+13
1.536279682934999943e+09 1.623718872070312500e+13
1.536279757335000038e+09 1.613815307617187500e+13
1.536314283734999895e+09 1.287468109130859375e+12
1.536314395335000038e+09 1.067702392578125000e+13
1.536314506934999943e+09 1.617116577148437500e+13
1.536314581335000038e+09 1.607212890625000000e+13
1.536314655734999895e+09 1.617116577148437500e+13
1.536314730134999990e+09 1.062514770507812500e+13
1.536314804535000086e+09 1.612400512695312500e+13
1.536314878934999943e+09 1.591650024414062500e+13
1.536314953335000038e+09 1.607212890625000000e+13
1.536315027734999895e+09 1.605326416015625000e+13
1.536315102134999990e+09 1.056384033203125000e+13
1.536315176535000086e+09 1.602496826171875000e+13
1.536315250934999943e+09 1.606741333007812500e+13
1.536315325335000038e+09 1.600138916015625000e+13
1.536315399734999895e+09 1.593064941406250000e+13
1.536315474134999990e+09 1.056384033203125000e+13
1.536315548535000086e+09 1.586934082031250000e+13
1.536315622934999943e+09 1.602968505859375000e+13
1.536315697335000038e+09 1.593064941406250000e+13
1.536315771734999895e+09 1.595422851562500000e+13
1.536315846134999990e+09 1.603440063476562500e+13
1.536337928535000086e+09 1.348776092529296875e+12
1.536338002934999943e+09 1.071003662109375000e+13
1.536338077335000038e+09 1.582689697265625000e+13
1.536338226134999990e+09 1.593536499023437500e+13
1.536338300535000086e+09 1.580331665039062500e+13
1.536338374934999943e+09 1.053082885742187500e+13
1.536338449335000038e+09 1.584576049804687500e+13
1.536338523734999895e+09 1.602968505859375000e+13
1.536338598134999990e+09 1.601553710937500000e+13
1.536338672535000086e+09 1.592121704101562500e+13
1.536338746934999943e+09 1.065344360351562500e+13
1.536338821335000038e+09 1.596837646484375000e+13
1.536338895734999895e+09 1.575144165039062500e+13
1.536338970134999990e+09 1.589291992187500000e+13
1.536339044535000086e+09 1.595894531250000000e+13
1.536339193335000038e+09 1.056384033203125000e+13
1.536339267734999895e+09 1.607212890625000000e+13
1.536339342134999990e+09 1.582689697265625000e+13
1.536339416535000086e+09 1.587877319335937500e+13
1.536339453734999895e+09 1.605798095703125000e+13
1.536339472934999943e+09 -9.432000517845153809e+09
1.536339510134999990e+09 9.432000517845153809e+09
1.536339510134999990e+09 9.432000517845153809e+09
1.536339510134999990e+09 9.432000517845153809e+09
1.536339524535000086e+09 -4.716000258922576904e+09
1.536339528134999990e+09 -1.886400103569030762e+10
1.536339547335000038e+09 0.000000000000000000e+00
1.536339547335000038e+09 0.000000000000000000e+00
1.536339550934999943e+09 0.000000000000000000e+00
1.536339561734999895e+09 0.000000000000000000e+00
1.536339588134999990e+09 9.432000517845153809e+09
1.536364824134999990e+09 1.339344024658203125e+12
1.536364898535000086e+09 1.046952026367187500e+13
1.536365158934999943e+09 1.580803344726562500e+13
1.536365307734999895e+09 1.584576049804687500e+13
1.536365382134999990e+09 1.577030517578125000e+13
1.536365456535000086e+09 1.054497680664062500e+13
1.536365530934999943e+09 1.579388427734375000e+13
1.536365605335000038e+09 1.592121704101562500e+13
1.536365679734999895e+09 1.598252441406250000e+13
1.536365828535000086e+09 1.594479614257812500e+13
1.536365902934999943e+09 1.046952026367187500e+13
1.536366051734999895e+09 1.586934082031250000e+13
1.536366126134999990e+09 1.590235229492187500e+13
1.536366274934999943e+09 1.577973754882812500e+13
1.536366349335000038e+09 1.571842895507812500e+13
1.536366423734999895e+09 1.050253295898437500e+13
1.536366498134999990e+09 1.582689697265625000e+13
1.536366572535000086e+09 1.588348876953125000e+13
1.536366646934999943e+09 1.582689697265625000e+13
1.536366684134999990e+09 1.581274780273437500e+13
1.536366703335000038e+09 -4.716000258922576904e+09
1.536477906134999990e+09 1.315764007568359375e+12
1.536477980535000086e+09 1.048366821289062500e+13
1.536478054934999943e+09 1.578916870117187500e+13
1.536478129335000038e+09 1.572786132812500000e+13
1.536478203734999895e+09 1.590706909179687500e+13
1.536478278134999990e+09 1.048838500976562500e+13
1.536478352535000086e+09 1.582218139648437500e+13
1.536478426934999943e+09 1.584104492187500000e+13
1.536478501335000038e+09 1.579860107421875000e+13
1.536478575734999895e+09 1.581274780273437500e+13
1.536478650134999990e+09 1.049781616210937500e+13
1.536478724535000086e+09 1.577973754882812500e+13
1.536478798934999943e+09 1.592121704101562500e+13
1.536478873335000038e+09 1.577030517578125000e+13
1.536478947734999895e+09 1.582218139648437500e+13
1.536479022134999990e+09 1.055440795898437500e+13
1.536479096535000086e+09 1.565712036132812500e+13
1.536479170934999943e+09 1.584104492187500000e+13
1.536479245335000038e+09 1.574200927734375000e+13
1.536479319734999895e+09 1.565712036132812500e+13
1.536479416934999943e+09 2.879589843750000000e+13
1.536503953335000038e+09 1.339344024658203125e+12
1.536504139335000038e+09 1.087509643554687500e+13
1.536504213734999895e+09 1.620417602539062500e+13
1.536504622934999943e+09 1.640224853515625000e+13
1.536504697335000038e+09 1.630792846679687500e+13
1.536504771734999895e+09 1.084680053710937500e+13
1.536504846134999990e+09 1.634565673828125000e+13
1.536504920535000086e+09 1.627491699218750000e+13
1.536504994934999943e+09 1.632207763671875000e+13
1.536505069335000038e+09 1.636923706054687500e+13
1.536505143734999895e+09 1.074304931640625000e+13
1.536505218134999990e+09 1.621360839843750000e+13
1.536505292535000086e+09 1.616644897460937500e+13
1.536505366934999943e+09 1.628906494140625000e+13
1.536505441335000038e+09 1.630792846679687500e+13
1.536505515734999895e+09 1.078549194335937500e+13
1.536505590134999990e+09 1.627020141601562500e+13
1.536505664535000086e+09 1.633622436523437500e+13
1.536505738934999943e+09 1.641639648437500000e+13
1.536505813335000038e+09 1.627491699218750000e+13
1.536505832535000086e+09 0.000000000000000000e+00
1.536505836134999990e+09 2.856952880859375000e+13
1.536505846934999943e+09 9.432000517845153809e+09
1.536505869734999895e+09 4.716000258922576904e+09
1.536505873335000038e+09 2.851293701171875000e+13
1.536505873335000038e+09 2.851293701171875000e+13
1.536505891335000038e+09 2.833844482421875000e+13
1.536505891335000038e+09 2.833844482421875000e+13
1.536505891335000038e+09 2.833844482421875000e+13
1.536505909335000038e+09 2.837145751953125000e+13
1.536505909335000038e+09 2.837145751953125000e+13
1.536505927335000038e+09 2.831014892578125000e+13
1.536505927335000038e+09 2.831014892578125000e+13
1.536505945335000038e+09 2.826770507812500000e+13
1.536505945335000038e+09 2.826770507812500000e+13
1.536545808134999990e+09 1.353492126464843750e+12
1.536545919734999895e+09 1.076191284179687500e+13
1.536546068535000086e+09 1.645884155273437500e+13
1.536546142934999943e+09 1.641639648437500000e+13
1.536546217335000038e+09 1.653901367187500000e+13
1.536546291734999895e+09 1.077606079101562500e+13
1.536546366134999990e+09 1.631264404296875000e+13
1.536546440535000086e+09 1.641639648437500000e+13
1.536546514934999943e+09 1.628434814453125000e+13
1.536546589335000038e+09 1.629378051757812500e+13
1.536546663734999895e+09 1.087509643554687500e+13
1.536546738134999990e+09 1.639753295898437500e+13
1.536546812535000086e+09 1.652486450195312500e+13
1.536546886934999943e+09 1.635980468750000000e+13
1.536546961335000038e+09 1.629849731445312500e+13
1.536547035734999895e+09 1.079964111328125000e+13
1.536547110134999990e+09 1.646827270507812500e+13
1.536547184535000086e+09 1.634565673828125000e+13
1.536547258934999943e+09 1.639753295898437500e+13
1.536547333335000038e+09 1.630321289062500000e+13
1.536547393335000038e+09 2.838560546875000000e+13
1.536547407734999895e+09 1.642111328125000000e+13
1.536547407734999895e+09 1.642111328125000000e+13
1.536547444934999943e+09 9.432000517845153809e+09
1.536547467734999895e+09 0.000000000000000000e+00
1.536547467734999895e+09 0.000000000000000000e+00
1.536547467734999895e+09 0.000000000000000000e+00
1.536547482134999990e+09 0.000000000000000000e+00
1.536547501335000038e+09 -9.432000517845153809e+09
1.536547504934999943e+09 1.886400103569030762e+10
1.536547526535000086e+09 0.000000000000000000e+00
1.536547526535000086e+09 0.000000000000000000e+00
1.536730498934999943e+09 1.037520122528076172e+11
1.536730573335000038e+09 1.084679985046386719e+11
1.536904048934999943e+09 1.367640018463134766e+11
1.536904086134999990e+09 1.131840038299560547e+11
1.536905574134999990e+09 1.311048126220703125e+12
1.536906057734999895e+09 5.126292724609375000e+12
1.536906243734999895e+09 5.112144165039062500e+12
1.536906318134999990e+09 5.055552368164062500e+12
1.536953776934999943e+09 1.320480155944824219e+11
1.536954304934999943e+09 1.296900024414062500e+12
1.536954400934999943e+09 5.041404418945312500e+12
1.536986126535000086e+09 1.367640018463134766e+11
1.536986275335000038e+09 1.334627990722656250e+12
1.536986349734999895e+09 1.546848144531250000e+13
1.536986535734999895e+09 1.540245605468750000e+13
1.536986610134999990e+09 1.531285278320312500e+13
1.536986684535000086e+09 1.535529663085937500e+13
1.536986758934999943e+09 1.537887695312500000e+13
1.537025608934999943e+09 1.315764007568359375e+12
1.537025683335000038e+09 5.319648437500000000e+12
1.537025757734999895e+09 5.362092285156250000e+12
1.537025832134999990e+09 5.310216674804687500e+12
1.537025906535000086e+09 5.324364013671875000e+12
1.537025980934999943e+09 5.329080200195312500e+12
1.537026055335000038e+09 5.352659912109375000e+12
1.537026129734999895e+09 5.300784301757812500e+12
1.537026204134999990e+09 5.314932250976562500e+12
1.537026278535000086e+09 5.413968505859375000e+12
1.537026352934999943e+09 5.296068725585937500e+12
1.537026427335000038e+09 5.399820556640625000e+12
1.537026501734999895e+09 5.376240234375000000e+12
1.537026576134999990e+09 5.376240234375000000e+12
1.537026650535000086e+09 5.305500488281250000e+12
1.537026724934999943e+09 5.338511962890625000e+12
1.537026799335000038e+09 5.281920166015625000e+12
1.537026873734999895e+09 5.305500488281250000e+12
1.537026948134999990e+09 5.296068725585937500e+12
1.537027022535000086e+09 5.333796386718750000e+12
1.537033678934999943e+09 1.037520122528076172e+11
1.537033753335000038e+09 1.273320102691650391e+11
1.537033827734999895e+09 1.226160049438476562e+11
1.537033976535000086e+09 1.131840038299560547e+11
1.537034050934999943e+09 1.131840038299560547e+11
1.537034125335000038e+09 1.131840038299560547e+11
1.537034199734999895e+09 1.084679985046386719e+11
1.537034274134999990e+09 1.179000091552734375e+11
1.537034348535000086e+09 1.179000091552734375e+11
1.537034422934999943e+09 1.179000091552734375e+11
1.537034497335000038e+09 1.273320102691650391e+11
1.537034571734999895e+09 1.131840038299560547e+11
1.537034646134999990e+09 1.037520122528076172e+11
1.537034720535000086e+09 1.367640018463134766e+11
1.537034794934999943e+09 9.903600692749023438e+10
1.537034869335000038e+09 1.226160049438476562e+11
1.537034943734999895e+09 1.131840038299560547e+11
1.537035018134999990e+09 1.226160049438476562e+11
1.537035092535000086e+09 1.226160049438476562e+11
1.537035166934999943e+09 1.179000091552734375e+11
1.537066782134999990e+09 1.179000091552734375e+11
1.537072521734999895e+09 1.179000091552734375e+11
1.537083762134999990e+09 9.432000160217285156e+10
1.537083873734999895e+09 9.432000160217285156e+10
1.537084059734999895e+09 1.037520122528076172e+11
1.537126776134999990e+09 8.017200469970703125e+10
1.537126887734999895e+09 9.903600692749023438e+10
1.537131530535000086e+09 1.414800047874450684e+10
1.537655088134999990e+09 8.488800048828125000e+10
1.537655236934999943e+09 7.073999881744384766e+10
1.537672016535000086e+09 7.545600414276123047e+10
1.537672090934999943e+09 9.903600692749023438e+10
1.537682271734999895e+09 8.017200469970703125e+10
1.537682420535000086e+09 5.659200191497802734e+10
1.537697367734999895e+09 7.545600414276123047e+10
1.537697479335000038e+09 1.273320083618164062e+12
1.537697665335000038e+09 9.903600692749023438e+10
1.537697739734999895e+09 1.235592041015625000e+12
1.537697814134999990e+09 1.235592041015625000e+12
1.537697888535000086e+09 9.903600692749023438e+10
1.537697962934999943e+09 1.245024108886718750e+12
1.537698037335000038e+09 1.235592041015625000e+12
1.537698111734999895e+09 1.221444091796875000e+12
1.537720930934999943e+09 1.155420150756835938e+12
1.537721042535000086e+09 1.169568023681640625e+12
1.537721228535000086e+09 5.211180419921875000e+12
1.537721302934999943e+09 5.277203979492187500e+12
1.537721377335000038e+09 5.248908081054687500e+12
1.537721451734999895e+09 9.903600692749023438e+10
1.537721526134999990e+09 5.366807861328125000e+12
1.537721600535000086e+09 5.267772216796875000e+12
1.537721674934999943e+09 5.300784301757812500e+12
1.537721749335000038e+09 8.960400581359863281e+10
1.537721823734999895e+09 5.300784301757812500e+12
1.537721898134999990e+09 5.286635742187500000e+12
1.537721972535000086e+09 5.324364013671875000e+12
1.537722046934999943e+09 1.037520122528076172e+11
1.537722604934999943e+09 1.221444091796875000e+12
1.537722790934999943e+09 1.226160049438476562e+12
1.537722976934999943e+09 5.300784301757812500e+12
1.537723051335000038e+09 5.248908081054687500e+12
1.537723125734999895e+09 5.347944335937500000e+12
1.537723200134999990e+09 9.432000160217285156e+10
1.537723274535000086e+09 5.319648437500000000e+12
1.537723348934999943e+09 5.230044555664062500e+12
1.537723423335000038e+09 5.286635742187500000e+12
1.537723497734999895e+09 1.037520122528076172e+11
1.537723572134999990e+09 5.296068725585937500e+12
1.537723646535000086e+09 5.333796386718750000e+12
1.537723720934999943e+09 5.310216674804687500e+12
1.537723758134999990e+09 8.017200469970703125e+10
1.537723832535000086e+09 5.258340454101562500e+12
1.537723906934999943e+09 5.281920166015625000e+12
1.537723981335000038e+09 5.310216674804687500e+12
1.537749954134999990e+09 1.212012023925781250e+12
1.537750028535000086e+09 1.212012023925781250e+12
1.537750214535000086e+09 1.577502075195312500e+13
1.537750288934999943e+09 1.578916870117187500e+13
1.537750363335000038e+09 8.488800048828125000e+10
1.537750437734999895e+09 1.570899658203125000e+13
1.537750512134999990e+09 1.576558837890625000e+13
1.537750586535000086e+09 5.253624267578125000e+12
1.537750660934999943e+09 7.545600414276123047e+10
1.537750735335000038e+09 1.567126953125000000e+13
1.537750809734999895e+09 1.567598510742187500e+13
1.537750884134999990e+09 9.432000160217285156e+10
1.537750958535000086e+09 1.578445312500000000e+13
1.537751032934999943e+09 1.574200927734375000e+13
1.537792330934999943e+09 1.263888092041015625e+12
1.537792405335000038e+09 1.055440795898437500e+13
1.537792479734999895e+09 1.589763671875000000e+13
1.537792554134999990e+09 1.595894531250000000e+13
1.537792628535000086e+09 1.591178588867187500e+13
1.537792702934999943e+09 1.064401245117187500e+13
1.537792777335000038e+09 1.583632934570312500e+13
1.537792851734999895e+09 1.595422851562500000e+13
1.537792926134999990e+09 1.596837646484375000e+13
1.537793000535000086e+09 1.597780883789062500e+13
1.537793074934999943e+09 1.064401245117187500e+13
1.537793149335000038e+09 1.591650024414062500e+13
1.537793223734999895e+09 1.589763671875000000e+13
1.537793298134999990e+09 1.601553710937500000e+13
1.537793372535000086e+09 1.593064941406250000e+13
1.537793446934999943e+09 1.059213745117187500e+13
1.537793521335000038e+09 1.589291992187500000e+13
1.537793670134999990e+09 1.595422851562500000e+13
1.537793744535000086e+09 1.611457275390625000e+13
1.537793818934999943e+09 1.593064941406250000e+13
1.537793838134999990e+09 9.432000517845153809e+09
1.537793893335000038e+09 0.000000000000000000e+00
1.537793916134999990e+09 3.283750976562500000e+13
1.537793916134999990e+09 3.283750976562500000e+13
1.537793916134999990e+09 3.283750976562500000e+13
1.537793926934999943e+09 4.716000258922576904e+09
1.537793953335000038e+09 3.312518554687500000e+13
1.537841910134999990e+09 1.259171981811523438e+12
1.537841984535000086e+09 1.065344360351562500e+13
1.537842058934999943e+09 1.589291992187500000e+13
1.537842207734999895e+09 1.594951293945312500e+13
1.537842319335000038e+09 1.580803344726562500e+13
1.537842393734999895e+09 1.070060424804687500e+13
1.537842468134999990e+09 1.585990966796875000e+13
1.537842542535000086e+09 1.586462402343750000e+13
1.537842616934999943e+09 1.599195678710937500e+13
1.537842691335000038e+09 1.602496826171875000e+13
1.537842765734999895e+09 1.064401245117187500e+13
1.537842840134999990e+09 1.589763671875000000e+13
1.537842914535000086e+09 1.595894531250000000e+13
1.537842988934999943e+09 1.598724121093750000e+13
1.537843063335000038e+09 1.598252441406250000e+13
1.537843137734999895e+09 1.060156860351562500e+13
1.537843212134999990e+09 1.582218139648437500e+13
1.537843286535000086e+09 1.591178588867187500e+13
1.537843360934999943e+09 1.594479614257812500e+13
1.537843435335000038e+09 1.597309204101562500e+13
1.537892140934999943e+09 1.037520122528076172e+11
1.537892215335000038e+09 9.903600692749023438e+10
1.537892475734999895e+09 1.084679985046386719e+11
1.537892587335000038e+09 8.960400581359863281e+10
1.537892661734999895e+09 8.960400581359863281e+10
1.537892736134999990e+09 9.903600692749023438e+10
1.537892810535000086e+09 9.432000160217285156e+10
1.537892884934999943e+09 1.037520122528076172e+11
1.537893033734999895e+09 1.131840038299560547e+11
1.537893256934999943e+09 1.084679985046386719e+11
1.537893331335000038e+09 9.432000160217285156e+10
1.537893405734999895e+09 9.903600692749023438e+10
1.537909938134999990e+09 1.245024108886718750e+12
1.537910012535000086e+09 1.065816040039062500e+13
1.537910086934999943e+09 1.610514038085937500e+13
1.537910161335000038e+09 1.602496826171875000e+13
1.537910235734999895e+09 1.607212890625000000e+13
1.537910310134999990e+09 1.063458007812500000e+13
1.537910384535000086e+09 1.606269653320312500e+13
1.537910570535000086e+09 1.611457275390625000e+13
1.537910644934999943e+09 1.603911743164062500e+13
1.537910868134999990e+09 1.613815307617187500e+13
1.537910942535000086e+09 1.066759277343750000e+13
1.537911016934999943e+09 1.592593261718750000e+13
1.537911091335000038e+09 1.594008056640625000e+13
1.537911165734999895e+09 1.610514038085937500e+13
1.537911240134999990e+09 1.599667236328125000e+13
1.537911277335000038e+09 1.070060424804687500e+13
1.537911314535000086e+09 1.597780883789062500e+13
1.537911351734999895e+09 1.599667236328125000e+13
1.537911388934999943e+09 1.600610473632812500e+13
1.537911426134999990e+09 1.611928955078125000e+13
1.537911445335000038e+09 -4.716000258922576904e+09
1.538121356535000086e+09 1.235592041015625000e+12
1.538121654134999990e+09 1.064872802734375000e+13
1.538121728535000086e+09 1.594479614257812500e+13
1.538121802934999943e+09 1.584104492187500000e+13
1.538121877335000038e+09 1.590235229492187500e+13
1.538121988934999943e+09 1.055440795898437500e+13
1.538122026134999990e+09 1.581746459960937500e+13
1.538122100535000086e+09 1.596837646484375000e+13
1.538122174934999943e+09 1.581746459960937500e+13
1.538122249335000038e+09 1.584576049804687500e+13
1.538122323734999895e+09 1.050724853515625000e+13
1.538122398134999990e+09 1.573257690429687500e+13
1.538122472535000086e+09 1.583632934570312500e+13
1.538122546934999943e+09 1.591178588867187500e+13
1.538122621335000038e+09 1.586462402343750000e+13
1.538122695734999895e+09 1.057327148437500000e+13
1.538122770134999990e+09 1.590706909179687500e+13
1.538122770134999990e+09 1.590706909179687500e+13
1.538122844535000086e+09 1.580803344726562500e+13
1.538122881734999895e+09 1.572786132812500000e+13
1.538122918934999943e+09 1.579860107421875000e+13
1.538122993335000038e+09 1.594479614257812500e+13
1.538123053335000038e+09 3.218670166015625000e+13
1.538123067734999895e+09 0.000000000000000000e+00
1.538180786535000086e+09 1.221444091796875000e+12
1.538181195734999895e+09 1.060628417968750000e+13
1.538181418934999943e+09 1.587877319335937500e+13
1.538181456134999990e+09 1.586462402343750000e+13
1.538181530535000086e+09 1.585047729492187500e+13
1.538181604934999943e+09 1.071003662109375000e+13
1.538181679335000038e+09 1.585047729492187500e+13
1.538181753734999895e+09 1.589291992187500000e+13
1.538181828134999990e+09 1.579860107421875000e+13
1.538181902535000086e+09 1.587877319335937500e+13
1.538181976934999943e+09 1.068645629882812500e+13
1.538182051335000038e+09 1.597780883789062500e+13
1.538182125734999895e+09 1.594951293945312500e+13
1.538182200134999990e+09 1.607212890625000000e+13
1.538182274535000086e+09 1.592593261718750000e+13
1.538182311734999895e+09 1.593536499023437500e+13
1.538182348934999943e+09 1.050724853515625000e+13
1.538182423335000038e+09 1.591650024414062500e+13
1.538182497734999895e+09 1.591178588867187500e+13
1.538182572134999990e+09 1.602968505859375000e+13
1.538182646535000086e+09 1.592593261718750000e+13
1.538182669335000038e+09 2.839503662109375000e+13
1.538182683734999895e+09 1.581274780273437500e+13
1.538182706535000086e+09 2.831486572265625000e+13
1.538182706535000086e+09 2.831486572265625000e+13
1.538182754535000086e+09 9.432000517845153809e+09
1.538182754535000086e+09 9.432000517845153809e+09
1.538182780934999943e+09 2.824884033203125000e+13
1.538182795335000038e+09 2.868271484375000000e+13
1.538182795335000038e+09 2.868271484375000000e+13
1.538182809734999895e+09 2.818753173828125000e+13
1.538182824134999990e+09 2.836202636718750000e+13
1.538182824134999990e+09 2.836202636718750000e+13
1.538233542134999990e+09 1.263888092041015625e+12
1.538233690934999943e+09 1.047895263671875000e+13
1.538233765335000038e+09 1.577030517578125000e+13
1.538233839734999895e+09 1.581746459960937500e+13
1.538233914134999990e+09 1.569013305664062500e+13
1.538233988535000086e+09 1.042707641601562500e+13
1.538234062934999943e+09 1.585519287109375000e+13
1.538234137335000038e+09 1.578445312500000000e+13
1.538234211734999895e+09 1.561939331054687500e+13
1.538234286134999990e+09 1.570899658203125000e+13
1.538234360535000086e+09 1.043179321289062500e+13
1.538234434934999943e+09 1.560052978515625000e+13
1.538234509335000038e+09 1.581746459960937500e+13
1.538234583734999895e+09 1.574200927734375000e+13
1.538234658134999990e+09 1.582689697265625000e+13
1.538234732535000086e+09 1.038934814453125000e+13
1.538234806934999943e+09 1.573257690429687500e+13
1.538234881335000038e+09 1.574672485351562500e+13
1.538234955734999895e+09 1.574200927734375000e+13
1.538235030134999990e+09 1.565712036132812500e+13
1.538235052934999943e+09 2.830071777343750000e+13
1.538241978134999990e+09 1.212012023925781250e+12
1.538242164134999990e+09 1.044122436523437500e+13
1.538242238535000086e+09 1.567126953125000000e+13
1.538242312934999943e+09 1.569013305664062500e+13
1.538242387335000038e+09 1.588348876953125000e+13
1.538242461734999895e+09 1.057798828125000000e+13
1.538242536134999990e+09 1.580331665039062500e+13
1.538242610535000086e+09 1.581274780273437500e+13
1.538242684934999943e+09 1.585990966796875000e+13
1.538242759335000038e+09 1.590235229492187500e+13
1.538242833734999895e+09 1.049781616210937500e+13
1.538242908134999990e+09 1.580803344726562500e+13
1.538242982535000086e+09 1.583161376953125000e+13
1.538243056934999943e+09 1.576558837890625000e+13
1.538243131335000038e+09 1.597780883789062500e+13
1.538243205734999895e+09 1.042236083984375000e+13
1.538243280134999990e+09 1.586934082031250000e+13
1.538243354535000086e+09 1.591650024414062500e+13
1.538243428934999943e+09 1.581746459960937500e+13
1.538243503335000038e+09 1.572786132812500000e+13
1.538243563335000038e+09 2.803662109375000000e+13
1.538299848134999990e+09 1.226160049438476562e+12
1.538301915734999895e+09 1.048838500976562500e+13
1.538302027335000038e+09 1.583161376953125000e+13
1.538302101734999895e+09 1.572314453125000000e+13
1.538302176134999990e+09 1.571842895507812500e+13
1.538302250535000086e+09 1.057798828125000000e+13
1.538302324934999943e+09 1.577030517578125000e+13
1.538302399335000038e+09 1.587405639648437500e+13
1.538302548134999990e+09 1.589763671875000000e+13
1.538302622535000086e+09 1.591650024414062500e+13
1.538302696934999943e+09 1.055912475585937500e+13
1.538302771335000038e+09 1.588348876953125000e+13
1.538302845734999895e+09 1.572786132812500000e+13
1.538302920134999990e+09 1.592121704101562500e+13
1.538302994535000086e+09 1.601082153320312500e+13
1.538303068934999943e+09 1.054969238281250000e+13
1.538303143335000038e+09 1.602496826171875000e+13
1.538303217734999895e+09 1.596837646484375000e+13
1.538303292134999990e+09 1.594008056640625000e+13
1.538303366535000086e+09 1.598724121093750000e+13
1.538303385734999895e+09 9.432000517845153809e+09
1.538303389335000038e+09 2.845634521484375000e+13
1.538303389335000038e+09 2.845634521484375000e+13
1.538303426535000086e+09 2.807906494140625000e+13
1.538303437335000038e+09 -4.716000258922576904e+09
1.538303440934999943e+09 -4.716000258922576904e+09
1.538332520535000086e+09 1.212012023925781250e+12
1.538332706535000086e+09 1.048366821289062500e+13
1.538332855335000038e+09 1.584104492187500000e+13
1.538332929734999895e+09 1.581274780273437500e+13
1.538333004134999990e+09 1.586934082031250000e+13
1.538333078535000086e+09 1.054969238281250000e+13
1.538333152934999943e+09 1.580331665039062500e+13
1.538333376134999990e+09 1.575615722656250000e+13
1.538333524934999943e+09 1.568541625976562500e+13
1.538333599335000038e+09 1.576087280273437500e+13
1.538333673734999895e+09 1.054026123046875000e+13
1.538333748134999990e+09 1.565240478515625000e+13
1.538333822535000086e+09 1.569484863281250000e+13
1.538333896934999943e+09 1.582218139648437500e+13
1.538333971335000038e+09 1.574672485351562500e+13
1.538334045734999895e+09 1.057327148437500000e+13
1.538334120134999990e+09 1.567126953125000000e+13
1.538334194535000086e+09 1.571371215820312500e+13
1.538334268934999943e+09 1.573257690429687500e+13
1.538334306134999990e+09 1.589291992187500000e+13
1.538334325335000038e+09 0.000000000000000000e+00
1.538374444934999943e+09 1.221444091796875000e+12
1.538374854134999990e+09 1.060628417968750000e+13
1.538374928535000086e+09 1.570899658203125000e+13
1.538375077335000038e+09 1.569013305664062500e+13
1.538375151734999895e+09 1.567126953125000000e+13
1.538375226134999990e+09 1.057798828125000000e+13
1.538375300535000086e+09 1.569956542968750000e+13
1.538375374934999943e+09 1.575615722656250000e+13
1.538375449335000038e+09 1.575615722656250000e+13
1.538375523734999895e+09 1.570899658203125000e+13
1.538375598134999990e+09 1.044593994140625000e+13
1.538375672535000086e+09 1.583161376953125000e+13
1.538375746934999943e+09 1.578445312500000000e+13
1.538375821335000038e+09 1.575144165039062500e+13
1.538375895734999895e+09 1.565240478515625000e+13
1.538375970134999990e+09 1.058270507812500000e+13
1.538376044535000086e+09 1.564297241210937500e+13
1.538376118934999943e+09 1.563825683593750000e+13
1.538376193335000038e+09 1.578916870117187500e+13
1.538376267734999895e+09 1.572314453125000000e+13
1.538376290535000086e+09 2.649920654296875000e+13
1.538376364934999943e+09 2.665483398437500000e+13
1.538376364934999943e+09 2.665483398437500000e+13
1.538376379335000038e+09 9.432000517845153809e+09
1.538376379335000038e+09 9.432000517845153809e+09
1.538376412934999943e+09 1.886400103569030762e+10
1.538431988535000086e+09 1.226160049438476562e+12
1.538432151734999895e+09 1.039878051757812500e+13
1.538432233335000038e+09 1.574200927734375000e+13
1.538432314934999943e+09 1.569956542968750000e+13
1.538432396535000086e+09 1.572786132812500000e+13
1.538432478134999990e+09 1.037991699218750000e+13
1.538432559734999895e+09 1.578916870117187500e+13
1.538432641335000038e+09 1.568070068359375000e+13
1.538432722934999943e+09 1.579860107421875000e+13
1.538432804535000086e+09 1.568541625976562500e+13
1.538432886134999990e+09 1.049310058593750000e+13
1.538432967734999895e+09 1.554865356445312500e+13
1.538433049335000038e+09 1.571371215820312500e+13
1.538433130934999943e+09 1.562882446289062500e+13
1.538433457335000038e+09 1.577502075195312500e+13
1.538433538934999943e+09 1.043179321289062500e+13
1.538433620535000086e+09 1.572786132812500000e+13
1.538433702134999990e+09 1.567126953125000000e+13
1.538433783734999895e+09 1.572314453125000000e+13
1.538433824535000086e+09 1.574672485351562500e+13
1.538570704934999943e+09 1.230876083374023438e+12
1.538571040934999943e+09 1.082322021484375000e+13
1.538571141734999895e+09 1.625605224609375000e+13
1.538571242535000086e+09 1.630321289062500000e+13
1.538571309734999895e+09 1.623718872070312500e+13
1.538571376934999943e+09 1.085151733398437500e+13
1.538571444134999990e+09 1.623247192382812500e+13
1.538571511335000038e+09 1.626548461914062500e+13
1.538571578535000086e+09 1.637395263671875000e+13
1.538571645734999895e+09 1.627020141601562500e+13
1.538571712934999943e+09 1.067230957031250000e+13
1.538571780134999990e+09 1.621832519531250000e+13
1.538571847335000038e+09 1.616173339843750000e+13
1.538571914535000086e+09 1.622304077148437500e+13
1.538571981734999895e+09 1.633150878906250000e+13
1.538572048934999943e+09 1.079020874023437500e+13
1.538572116134999990e+09 1.621832519531250000e+13
1.538572183335000038e+09 1.623247192382812500e+13
1.538572250535000086e+09 1.633622436523437500e+13
1.538572317734999895e+09 1.612872070312500000e+13
1.538572351335000038e+09 1.610985717773437500e+13
1.538572351335000038e+09 1.610985717773437500e+13
1.538572374134999990e+09 4.088772277832031250e+12
1.538572374134999990e+09 4.088772277832031250e+12
1.538572374134999990e+09 4.088772277832031250e+12
1.538572407734999895e+09 4.126500244140625000e+12
1.538572437734999895e+09 -1.414800047874450684e+10
1.538572441335000038e+09 4.102920227050781250e+12
1.538572441335000038e+09 4.102920227050781250e+12
1.538572452134999990e+09 1.414800047874450684e+10
1.538572474934999943e+09 4.107636413574218750e+12
1.538572474934999943e+09 4.107636413574218750e+12
1.538572474934999943e+09 4.107636413574218750e+12
1.538572485734999895e+09 -4.716000258922576904e+09
1.538613213734999895e+09 1.141272048950195312e+12
1.538613436934999943e+09 1.046480468750000000e+13
1.538613511335000038e+09 1.599667236328125000e+13
1.538613585734999895e+09 1.578916870117187500e+13
1.538613660134999990e+09 1.588820434570312500e+13
1.538613734535000086e+09 1.059685302734375000e+13
1.538613808934999943e+09 1.599195678710937500e+13
1.538613883335000038e+09 1.577030517578125000e+13
1.538613957734999895e+09 1.619946166992187500e+13
1.538614032134999990e+09 1.610042480468750000e+13
1.538614106535000086e+09 1.072418457031250000e+13
1.538614180934999943e+09 1.608627685546875000e+13
1.538614255335000038e+09 1.603911743164062500e+13
1.538614329734999895e+09 1.602025268554687500e+13
1.538614404134999990e+09 1.625133789062500000e+13
1.538614478535000086e+09 1.078077636718750000e+13
1.538614552934999943e+09 1.595894531250000000e+13
1.538614627335000038e+09 1.608627685546875000e+13
1.538614650134999990e+09 2.830543212890625000e+13
1.538614701734999895e+09 1.619474487304687500e+13
1.538614776134999990e+09 1.617588012695312500e+13
1.538614798934999943e+09 2.824412597656250000e+13
1.538614798934999943e+09 2.824412597656250000e+13
1.538614813335000038e+09 1.618531250000000000e+13
1.538614836134999990e+09 2.846106201171875000e+13
1.538614850535000086e+09 4.716000258922576904e+09
1.538686965734999895e+09 1.164852066040039062e+12
1.538687263335000038e+09 1.062043334960937500e+13
1.538687337734999895e+09 1.602025268554687500e+13
1.538687412134999990e+09 1.594008056640625000e+13
1.538687486535000086e+09 1.586462402343750000e+13
1.538687560934999943e+09 1.059213745117187500e+13
1.538687635335000038e+09 1.599667236328125000e+13
1.538687709734999895e+09 1.608627685546875000e+13
1.538687784134999990e+09 1.594479614257812500e+13
1.538687858535000086e+09 1.598724121093750000e+13
1.538687932934999943e+09 1.056855712890625000e+13
1.538688007335000038e+09 1.588348876953125000e+13
1.538688081734999895e+09 1.594951293945312500e+13
1.538688156134999990e+09 1.610985717773437500e+13
1.538688230535000086e+09 1.599195678710937500e+13
1.538688304934999943e+09 1.061571655273437500e+13
1.538688304934999943e+09 1.061571655273437500e+13
1.538688379335000038e+09 1.587877319335937500e+13
1.538688453734999895e+09 1.609570922851562500e+13
1.538688472934999943e+09 -9.432000517845153809e+09
1.538688528134999990e+09 1.609099365234375000e+13
1.538688602535000086e+09 1.595422851562500000e+13
1.538688621734999895e+09 -4.716000258922576904e+09
1.538688639734999895e+09 1.584576049804687500e+13
1.538688658934999943e+09 -4.716000258922576904e+09
1.538688662535000086e+09 2.863555419921875000e+13
1.538688676934999943e+09 4.716000258922576904e+09
1.538688676934999943e+09 4.716000258922576904e+09
1.538688696134999990e+09 9.432000517845153809e+09
1.538688699734999895e+09 2.874402343750000000e+13
1.538688710535000086e+09 9.432000517845153809e+09
1.538688710535000086e+09 9.432000517845153809e+09
1.538688714134999990e+09 0.000000000000000000e+00
1.538865393734999895e+09 1.245024108886718750e+12
1.538865840134999990e+09 1.049781616210937500e+13
1.538865988934999943e+09 1.593536499023437500e+13
1.538866063335000038e+09 1.580803344726562500e+13
1.538866137734999895e+09 1.589763671875000000e+13
1.538866212134999990e+09 1.060156860351562500e+13
1.538866286535000086e+09 1.601553710937500000e+13
1.538866360934999943e+09 1.577030517578125000e+13
1.538866435335000038e+09 1.590235229492187500e+13
1.538866509734999895e+09 1.577973754882812500e+13
1.538866584134999990e+09 1.066287719726562500e+13
1.538866658535000086e+09 1.575615722656250000e+13
1.538866732934999943e+09 1.591178588867187500e+13
1.538866807335000038e+09 1.584104492187500000e+13
1.538866881734999895e+09 1.582218139648437500e+13
1.538866956134999990e+09 1.047423583984375000e+13
1.538867030535000086e+09 1.583632934570312500e+13
1.538867104934999943e+09 1.592593261718750000e+13
1.538867179335000038e+09 1.594008056640625000e+13
1.538867253734999895e+09 1.583161376953125000e+13
1.538867290934999943e+09 1.591178588867187500e+13
1.538867313734999895e+09 2.871572509765625000e+13
1.538867313734999895e+09 2.871572509765625000e+13
1.538867324535000086e+09 1.414800047874450684e+10
1.538867347335000038e+09 0.000000000000000000e+00
1.538867350934999943e+09 2.851765380859375000e+13
1.538867361734999895e+09 4.716000258922576904e+09
1.538867361734999895e+09 4.716000258922576904e+09
1.538867388134999990e+09 2.850350585937500000e+13
1.538867402535000086e+09 2.900811767578125000e+13
1.538867402535000086e+09 2.900811767578125000e+13
1.538867416934999943e+09 2.883834228515625000e+13
1.538867431335000038e+09 2.881476074218750000e+13
1.538943337335000038e+09 1.259171981811523438e+12
1.538943746535000086e+09 1.050724853515625000e+13
1.538943820934999943e+09 1.584104492187500000e+13
1.538943895335000038e+09 1.592593261718750000e+13
1.538943969734999895e+09 1.586462402343750000e+13
1.538944044134999990e+09 1.060156860351562500e+13
1.538944118535000086e+09 1.584576049804687500e+13
1.538944192934999943e+09 1.594951293945312500e+13
1.538944267335000038e+09 1.596366088867187500e+13
1.538944341734999895e+09 1.597309204101562500e+13
1.538944416134999990e+09 1.060156860351562500e+13
1.538944490535000086e+09 1.590706909179687500e+13
1.538944564934999943e+09 1.585519287109375000e+13
1.538944639335000038e+09 1.596366088867187500e+13
1.538944713734999895e+09 1.584576049804687500e+13
1.538944788134999990e+09 1.056855712890625000e+13
1.538944862535000086e+09 1.602496826171875000e+13
1.538944936934999943e+09 1.577973754882812500e+13
1.538944936934999943e+09 1.577973754882812500e+13
1.538944996934999943e+09 2.858839355468750000e+13
1.538945011335000038e+09 1.586934082031250000e+13
1.538945085734999895e+09 1.589763671875000000e+13
1.538957348535000086e+09 1.245024108886718750e+12
1.538957720535000086e+09 1.059685302734375000e+13
1.538957832134999990e+09 1.603911743164062500e+13
1.538957943734999895e+09 1.594008056640625000e+13
1.538958018134999990e+09 1.605326416015625000e+13
1.538958092535000086e+09 1.058742065429687500e+13
1.538958166934999943e+09 1.608156127929687500e+13
1.538958241335000038e+09 1.586462402343750000e+13
1.538958315734999895e+09 1.597309204101562500e+13
1.538958390134999990e+09 1.582218139648437500e+13
1.538958464535000086e+09 1.050724853515625000e+13
1.538958538934999943e+09 1.587405639648437500e+13
1.538958613335000038e+09 1.582689697265625000e+13
1.538958687734999895e+09 1.582218139648437500e+13
1.538958762134999990e+09 1.581274780273437500e+13
1.538958836535000086e+09 1.056384033203125000e+13
1.538958910934999943e+09 1.581746459960937500e+13
1.538958970934999943e+09 2.849407226562500000e+13
1.538958985335000038e+09 1.580803344726562500e+13
1.538959059734999895e+09 1.588820434570312500e+13
1.538959134134999990e+09 1.583161376953125000e+13
1.538959156934999943e+09 2.850350585937500000e+13
1.538959171335000038e+09 1.585519287109375000e+13
1.538959194134999990e+09 2.868742919921875000e+13
1.538959208535000086e+09 4.716000258922576904e+09
1.538959231335000038e+09 2.873930664062500000e+13
1.538959242134999990e+09 1.414800047874450684e+10
1.538959242134999990e+09 1.414800047874450684e+10
1.538959245734999895e+09 9.432000517845153809e+09
1.538959268535000086e+09 2.876760009765625000e+13
1.539035217734999895e+09 1.183716049194335938e+12
1.539035552535000086e+09 1.047423583984375000e+13
1.539035626934999943e+09 1.587877319335937500e+13
1.539035701335000038e+09 1.585047729492187500e+13
1.539035775734999895e+09 1.582218139648437500e+13
1.539035850134999990e+09 1.057327148437500000e+13
1.539035924535000086e+09 1.584104492187500000e+13
1.539035998934999943e+09 1.588820434570312500e+13
1.539036073335000038e+09 1.599195678710937500e+13
1.539036147734999895e+09 1.597309204101562500e+13
1.539036222134999990e+09 1.059685302734375000e+13
1.539036296535000086e+09 1.578916870117187500e+13
1.539036370934999943e+09 1.590235229492187500e+13
1.539036594134999990e+09 1.588348876953125000e+13
1.539036668535000086e+09 1.579860107421875000e+13
1.539036742934999943e+09 1.056855712890625000e+13
1.539036817335000038e+09 1.580803344726562500e+13
1.539036891734999895e+09 1.583632934570312500e+13
1.539036966134999990e+09 1.584576049804687500e+13
1.539037040535000086e+09 1.584104492187500000e+13
1.539037100535000086e+09 2.791872070312500000e+13
1.539037100535000086e+09 2.791872070312500000e+13
1.539037114934999943e+09 9.432000517845153809e+09
1.539037134134999990e+09 -9.432000517845153809e+09
1.539037137734999895e+09 2.830543212890625000e+13
1.539037137734999895e+09 2.830543212890625000e+13
1.539037148535000086e+09 -4.716000258922576904e+09
1.539097513335000038e+09 1.329912109375000000e+12
1.539097624934999943e+09 1.101657592773437500e+13
1.539097848134999990e+09 1.570899658203125000e+13
1.539097959734999895e+09 1.589291992187500000e+13
1.539098034134999990e+09 1.586462402343750000e+13
1.539098108535000086e+09 1.048838500976562500e+13
1.539098182934999943e+09 1.563825683593750000e+13
1.539098257335000038e+09 1.571842895507812500e+13
1.539098406134999990e+09 1.585519287109375000e+13
1.539098480535000086e+09 1.574200927734375000e+13
1.539098554934999943e+09 1.039406372070312500e+13
1.539098629335000038e+09 1.577973754882812500e+13
1.539098703734999895e+09 1.585047729492187500e+13
1.539098778134999990e+09 1.576087280273437500e+13
1.539098926934999943e+09 1.564297241210937500e+13
1.539099001335000038e+09 1.043650878906250000e+13
1.539099075734999895e+09 1.574200927734375000e+13
1.539099150134999990e+09 1.573257690429687500e+13
1.539099224535000086e+09 1.570428100585937500e+13
1.539099261734999895e+09 1.575144165039062500e+13
1.539209824934999943e+09 1.447812194824218750e+12
1.539210010934999943e+09 1.055440795898437500e+13
1.539210122535000086e+09 1.583161376953125000e+13
1.539210196934999943e+09 1.588348876953125000e+13
1.539210271335000038e+09 1.588348876953125000e+13
1.539210345734999895e+09 1.059685302734375000e+13
1.539210420134999990e+09 1.585990966796875000e+13
1.539210494535000086e+09 1.601553710937500000e+13
1.539210568934999943e+09 1.594008056640625000e+13
1.539210643335000038e+09 1.591650024414062500e+13
1.539210717734999895e+09 1.064872802734375000e+13
1.539210792134999990e+09 1.593064941406250000e+13
1.539210866535000086e+09 1.589291992187500000e+13
1.539210940934999943e+09 1.576558837890625000e+13
1.539211015335000038e+09 1.584104492187500000e+13
1.539211089734999895e+09 1.065816040039062500e+13
1.539211164134999990e+09 1.592121704101562500e+13
1.539211238535000086e+09 1.594479614257812500e+13
1.539211238535000086e+09 1.594479614257812500e+13
1.539211312934999943e+09 1.597309204101562500e+13
1.539211387335000038e+09 1.593064941406250000e+13
1.539211424535000086e+09 1.583632934570312500e+13
1.539211447335000038e+09 2.765462646484375000e+13
1.539211447335000038e+09 2.765462646484375000e+13
1.539211458134999990e+09 1.414800047874450684e+10
1.539211458134999990e+09 1.414800047874450684e+10
1.539211480934999943e+09 0.000000000000000000e+00
1.539211484535000086e+09 2.746598388671875000e+13
1.539211484535000086e+09 2.746598388671875000e+13
1.539211498934999943e+09 -9.432000517845153809e+09
1.539211498934999943e+09 -9.432000517845153809e+09
1.539211521734999895e+09 2.758388671875000000e+13
1.539211521734999895e+09 2.758388671875000000e+13
1.539211521734999895e+09 2.758388671875000000e+13
1.539211532535000086e+09 4.716000258922576904e+09
1.539550761734999895e+09 8.017200469970703125e+10
1.539551654535000086e+09 1.212012023925781250e+12
1.539552063734999895e+09 1.037520122528076172e+11
1.539552175335000038e+09 1.245024108886718750e+12
1.539552212535000086e+09 1.193148040771484375e+12
1.539552584535000086e+09 1.131840038299560547e+11
1.539552621734999895e+09 1.216727981567382812e+12
1.539552658934999943e+09 1.216727981567382812e+12
1.539552696134999990e+09 1.212012023925781250e+12
1.539561732134999990e+09 9.903600692749023438e+10
1.539561806535000086e+09 1.197864151000976562e+12
1.539561880934999943e+09 1.084679985046386719e+11
1.539561955335000038e+09 1.216727981567382812e+12
1.539562029734999895e+09 1.174283981323242188e+12
1.539562104134999990e+09 1.226160049438476562e+11
1.539562178535000086e+09 1.207296066284179688e+12
1.539562252934999943e+09 1.188432083129882812e+12
1.539562327335000038e+09 1.235592041015625000e+12
1.539673611734999895e+09 1.278036041259765625e+12
1.539673723335000038e+09 1.263888092041015625e+12
1.539674058134999990e+09 5.140440673828125000e+12
1.539674169734999895e+09 5.244192504882812500e+12
1.539674244134999990e+09 5.277203979492187500e+12
1.539674318535000086e+09 1.320480155944824219e+11
1.539674392934999943e+09 5.220612182617187500e+12
1.539674467335000038e+09 5.168735961914062500e+12
1.539674541734999895e+09 5.206464233398437500e+12
1.539674616134999990e+09 1.226160049438476562e+11
1.539674690535000086e+09 5.159304199218750000e+12
1.539674764934999943e+09 5.088564147949218750e+12
1.539674839335000038e+09 5.178168334960937500e+12
1.539674913734999895e+09 1.084679985046386719e+11
1.539674988134999990e+09 5.187600097656250000e+12
1.539675062535000086e+09 5.239476318359375000e+12
1.539675136934999943e+09 5.277203979492187500e+12
1.539689884934999943e+09 1.254456024169921875e+12
1.539689959335000038e+09 1.030917724609375000e+13
1.539690070934999943e+09 1.477522827148437500e+13
1.539690145335000038e+09 1.538830932617187500e+13
1.539690219734999895e+09 1.537416015625000000e+13
1.539690256934999943e+09 1.027144897460937500e+13
1.539690331335000038e+09 1.536472900390625000e+13
1.539690405734999895e+09 1.501102905273437500e+13
1.539690480134999990e+09 1.556280029296875000e+13
1.539690554535000086e+09 1.541188964843750000e+13
1.539690628934999943e+09 1.029974487304687500e+13
1.539690703335000038e+09 1.549677734375000000e+13
1.539690777734999895e+09 1.548734497070312500e+13
1.539690852134999990e+09 1.547319580078125000e+13
1.539691000934999943e+09 1.537416015625000000e+13
1.539691075335000038e+09 1.027144897460937500e+13
1.539691149734999895e+09 1.540717285156250000e+13
1.539691224134999990e+09 1.524211303710937500e+13
1.539691298535000086e+09 1.531756835937500000e+13
1.539691372934999943e+09 1.484125366210937500e+13
1.539751430535000086e+09 1.226160049438476562e+12
1.539751504934999943e+09 1.006866088867187500e+13
1.539751579335000038e+09 1.514779296875000000e+13
1.539751653734999895e+09 1.515722534179687500e+13
1.539751728134999990e+09 1.526097778320312500e+13
1.539751839734999895e+09 1.016769653320312500e+13
1.539751914134999990e+09 1.510534912109375000e+13
1.539752137335000038e+09 1.515722534179687500e+13
1.539752211734999895e+09 1.510063354492187500e+13
1.539752286134999990e+09 1.511006469726562500e+13
1.539752360535000086e+09 1.004507995605468750e+13
1.539752434934999943e+09 1.537887695312500000e+13
1.539752509335000038e+09 1.524211303710937500e+13
1.539752583734999895e+09 1.519966918945312500e+13
1.539752658134999990e+09 1.512421264648437500e+13
1.539752732535000086e+09 1.006394409179687500e+13
1.539752806934999943e+09 1.517137329101562500e+13
1.539752881335000038e+09 1.513836059570312500e+13
1.539752955734999895e+09 1.519966918945312500e+13
1.539753030134999990e+09 1.529398803710937500e+13
1.539810566535000086e+09 1.235592041015625000e+12
1.539810938535000086e+09 1.046480468750000000e+13
1.539811087335000038e+09 1.563825683593750000e+13
1.539811161734999895e+09 1.544018554687500000e+13
1.539811236134999990e+09 1.575144165039062500e+13
1.539811310535000086e+09 1.055440795898437500e+13
1.539811384934999943e+09 1.551564086914062500e+13
1.539811459335000038e+09 1.516194091796875000e+13
1.539811533734999895e+09 1.555808471679687500e+13
1.539811608134999990e+09 1.574200927734375000e+13
1.539811682535000086e+09 1.051668090820312500e+13
1.539811756934999943e+09 1.558638061523437500e+13
1.539811831335000038e+09 1.531285278320312500e+13
1.539811980134999990e+09 1.575615722656250000e+13
1.539812054535000086e+09 1.577973754882812500e+13
1.539812091734999895e+09 1.043179321289062500e+13
1.539812166134999990e+09 1.560524414062500000e+13
1.539812240535000086e+09 1.576558837890625000e+13
1.539812314934999943e+09 1.556280029296875000e+13
1.539812389335000038e+09 1.554865356445312500e+13
1.539812449335000038e+09 2.691893066406250000e+13
1.539812500934999943e+09 1.564297241210937500e+13
1.539812500934999943e+09 1.564297241210937500e+13
1.539812520134999990e+09 9.432000517845153809e+09
1.539812560934999943e+09 2.665483398437500000e+13
1.539812560934999943e+09 2.665483398437500000e+13
1.539812598134999990e+09 2.694722412109375000e+13
1.539872995335000038e+09 1.188432083129882812e+12
1.539873106934999943e+09 1.029502807617187500e+13
1.539873218535000086e+09 1.536944458007812500e+13
1.539873516134999990e+09 1.481767333984375000e+13
1.539873553335000038e+09 1.558638061523437500e+13
1.539873664934999943e+09 1.017712829589843750e+13
1.539873702134999990e+09 1.564768920898437500e+13
1.539873776535000086e+09 1.550620849609375000e+13
1.539873813734999895e+09 1.530342041015625000e+13
1.539873850934999943e+09 1.553922119140625000e+13
1.539873925335000038e+09 1.041764404296875000e+13
1.539873962535000086e+09 1.561939331054687500e+13
1.539873999734999895e+09 1.547791259765625000e+13
1.539874036934999943e+09 1.562410888671875000e+13
1.539874074134999990e+09 1.548734497070312500e+13
1.539874111335000038e+09 1.031389160156250000e+13
1.539874148535000086e+09 1.545433227539062500e+13
1.539874185734999895e+09 1.567126953125000000e+13
1.539874222934999943e+09 1.552035766601562500e+13
1.539874260134999990e+09 1.560996093750000000e+13
1.539875450535000086e+09 -9.432000517845153809e+09
1.539926624535000086e+09 1.235592041015625000e+12
1.539926698934999943e+09 1.040821289062500000e+13
1.539926996535000086e+09 1.569484863281250000e+13
1.539927070934999943e+09 1.564768920898437500e+13
1.539927145335000038e+09 1.564768920898437500e+13
1.539927219734999895e+09 1.045537231445312500e+13
1.539927294134999990e+09 1.567126953125000000e+13
1.539927368535000086e+09 1.545433227539062500e+13
1.539927442934999943e+09 1.573257690429687500e+13
1.539927814934999943e+09 1.567598510742187500e+13
1.539927889335000038e+09 1.044122436523437500e+13
1.539927963734999895e+09 1.562410888671875000e+13
1.539928038134999990e+09 1.570899658203125000e+13
1.539928112535000086e+09 1.567598510742187500e+13
1.539928186934999943e+09 1.577502075195312500e+13
1.539928261335000038e+09 1.035162109375000000e+13
1.539928335734999895e+09 1.538359252929687500e+13
1.539928410134999990e+09 1.578916870117187500e+13
1.539928484535000086e+09 1.575144165039062500e+13
1.539928558934999943e+09 1.564768920898437500e+13
1.539948938535000086e+09 1.197864151000976562e+12
1.539949124535000086e+09 1.202580108642578125e+12
1.539949533734999895e+09 1.273320083618164062e+12
1.539949608134999990e+09 1.071475219726562500e+13
1.539949682535000086e+09 1.589763671875000000e+13
1.539949756934999943e+09 1.614758544921875000e+13
1.539949831335000038e+09 1.626548461914062500e+13
1.539949905734999895e+09 1.069588867187500000e+13
1.539949980134999990e+09 1.605798095703125000e+13
1.539950054535000086e+09 1.587405639648437500e+13
1.539950166134999990e+09 1.619002929687500000e+13
1.539950240535000086e+09 1.601082153320312500e+13
1.539950314934999943e+09 1.077134521484375000e+13
1.539950352134999990e+09 1.625605224609375000e+13
1.539950426535000086e+09 1.605326416015625000e+13
1.539950500934999943e+09 1.617588012695312500e+13
1.539950575335000038e+09 1.599667236328125000e+13
1.539950649734999895e+09 1.074776489257812500e+13
1.539950724134999990e+09 1.624662109375000000e+13
1.539950798535000086e+09 1.606269653320312500e+13
1.539950872934999943e+09 1.628434814453125000e+13
1.539950947335000038e+09 1.610042480468750000e+13
1.539950966535000086e+09 1.414800047874450684e+10
1.539950970134999990e+09 2.666426757812500000e+13
1.539950984535000086e+09 1.510063354492187500e+13
1.539951021734999895e+09 1.625133789062500000e+13
1.539951044535000086e+09 2.647090820312500000e+13
1.539951044535000086e+09 2.647090820312500000e+13
1.539951058934999943e+09 1.074776489257812500e+13
1.539951081734999895e+09 2.676330322265625000e+13
1.539951081734999895e+09 2.676330322265625000e+13
1.539951115335000038e+09 4.716000258922576904e+09
1.539951118934999943e+09 2.715944580078125000e+13
1.539951156134999990e+09 2.624454345703125000e+13
1.539951170535000086e+09 1.615701660156250000e+13
1.539951170535000086e+09 1.615701660156250000e+13
1.539951193335000038e+09 2.749428222656250000e+13
1.539951244934999943e+09 1.079492431640625000e+13
1.539951319335000038e+09 1.606741333007812500e+13
1.539951356535000086e+09 1.599667236328125000e+13
1.539951379335000038e+09 2.685762207031250000e+13
1.539956023335000038e+09 1.254456024169921875e+12
1.539956172134999990e+09 1.082793701171875000e+13
1.539956246535000086e+09 1.598252441406250000e+13
1.539956320934999943e+09 1.602496826171875000e+13
1.539956395335000038e+09 1.607684448242187500e+13
1.539956469734999895e+09 1.081850463867187500e+13
1.539956544134999990e+09 1.655787719726562500e+13
1.539956618535000086e+09 1.630321289062500000e+13
1.539956692934999943e+09 1.627963256835937500e+13
1.539956767335000038e+09 1.634565673828125000e+13
1.539956841734999895e+09 1.072418457031250000e+13
1.539956916134999990e+09 1.644940917968750000e+13
1.539956990535000086e+09 1.608156127929687500e+13
1.539957139335000038e+09 1.642582885742187500e+13
1.539957213734999895e+09 1.637395263671875000e+13
1.539957288134999990e+09 1.078549194335937500e+13
1.539957362535000086e+09 1.643054565429687500e+13
1.539957511335000038e+09 1.624190551757812500e+13
1.539957585734999895e+09 1.614286865234375000e+13
1.539957660134999990e+09 1.638338500976562500e+13
1.539957682934999943e+09 2.575407714843750000e+13
1.539957682934999943e+09 2.575407714843750000e+13
1.539957697335000038e+09 1.622304077148437500e+13
1.539957720134999990e+09 2.646147705078125000e+13
1.539957734535000086e+09 1.633622436523437500e+13
1.539957734535000086e+09 1.633622436523437500e+13
1.539957757335000038e+09 2.760746582031250000e+13
1.539957771734999895e+09 1.627020141601562500e+13
1.539957771734999895e+09 1.627020141601562500e+13
1.539957790934999943e+09 -9.432000517845153809e+09
1.539957808934999943e+09 1.643526123046875000e+13
1.539957831734999895e+09 2.649448974609375000e+13
1.539957831734999895e+09 2.649448974609375000e+13
1.539957842535000086e+09 0.000000000000000000e+00
1.539957846134999990e+09 -9.432000517845153809e+09
1.539957865335000038e+09 -4.716000258922576904e+09
1.539957868934999943e+09 2.756973632812500000e+13
1.539957868934999943e+09 2.756973632812500000e+13
1.540018306934999943e+09 1.216727981567382812e+12
1.540018381335000038e+09 1.055912475585937500e+13
1.540018455734999895e+09 1.582218139648437500e+13
1.540018492934999943e+09 1.595422851562500000e+13
1.540018716134999990e+09 1.221444091796875000e+12
1.540018790535000086e+09 1.226160049438476562e+12
1.540019199734999895e+09 1.212012023925781250e+12
1.540019274134999990e+09 1.081850463867187500e+13
1.540019348535000086e+09 1.593064941406250000e+13
1.540019422934999943e+09 1.612872070312500000e+13
1.540019571734999895e+09 1.603440063476562500e+13
1.540019646134999990e+09 1.072890014648437500e+13
1.540019720535000086e+09 1.615229980468750000e+13
1.540019794934999943e+09 1.618059692382812500e+13
1.540019869335000038e+09 1.605326416015625000e+13
1.540019943734999895e+09 1.604854858398437500e+13
1.540020018134999990e+09 1.075719604492187500e+13
1.540020092535000086e+09 1.604383300781250000e+13
1.540020241335000038e+09 1.609570922851562500e+13
1.540020315734999895e+09 1.609570922851562500e+13
1.540020390134999990e+09 1.601553710937500000e+13
1.540020464535000086e+09 1.061571655273437500e+13
1.540020538934999943e+09 1.593536499023437500e+13
1.540020613335000038e+09 1.582218139648437500e+13
1.540020687734999895e+09 1.616644897460937500e+13
1.540020762134999990e+09 1.615229980468750000e+13
1.540020784934999943e+09 2.693779296875000000e+13
1.540020799335000038e+09 1.611457275390625000e+13
1.540020822134999990e+09 2.627283691406250000e+13
