1.534475826134999990e+09 1.282752075195312500e+12
1.534475937734999895e+09 1.036105224609375000e+13
1.534476309734999895e+09 1.263888092041015625e+12
1.534476458535000086e+09 1.263888092041015625e+12
1.534476532934999943e+09 1.230876083374023438e+12
1.534476570134999990e+09 1.558638061523437500e+13
1.534477351335000038e+09 1.259171981811523438e+12
1.534477425734999895e+09 1.025258544921875000e+13
1.534477648934999943e+09 1.535058105468750000e+13
1.534477797734999895e+09 1.529870483398437500e+13
1.534478095335000038e+09 1.526569213867187500e+13
1.534478169734999895e+09 1.007809265136718750e+13
1.534478318535000086e+09 1.535529663085937500e+13
1.534478467335000038e+09 1.566183715820312500e+13
1.534478541734999895e+09 1.609099365234375000e+13
1.534478616134999990e+09 1.606741333007812500e+13
1.534478690535000086e+09 1.058270507812500000e+13
1.534478764934999943e+09 1.609099365234375000e+13
1.534478839335000038e+09 1.590235229492187500e+13
1.534478988134999990e+09 1.600610473632812500e+13
1.534479062535000086e+09 1.592121704101562500e+13
1.534479136934999943e+09 1.052611206054687500e+13
1.534479156134999990e+09 -9.432000517845153809e+09
1.534479211335000038e+09 1.592593261718750000e+13
1.534479285734999895e+09 1.590706909179687500e+13
1.534479322934999943e+09 1.595422851562500000e+13
1.534479322934999943e+09 1.595422851562500000e+13
1.534479360134999990e+09 1.595894531250000000e+13
1.534479382934999943e+09 3.025785888671875000e+13
1.534479393734999895e+09 9.432000517845153809e+09
1.534594868535000086e+09 1.259171981811523438e+12
1.534594980134999990e+09 1.051668090820312500e+13
1.534595277734999895e+09 1.254456024169921875e+12
1.534595686934999943e+09 1.282752075195312500e+12
1.534596096134999990e+09 1.273320083618164062e+12
1.534596170535000086e+09 1.059685302734375000e+13
1.534596244934999943e+09 1.573257690429687500e+13
1.534596356535000086e+09 1.580331665039062500e+13
1.534596430934999943e+09 1.565240478515625000e+13
1.534596505335000038e+09 1.048366821289062500e+13
1.534596579734999895e+09 1.580803344726562500e+13
1.534596654134999990e+09 1.566183715820312500e+13
1.534596728535000086e+09 1.581274780273437500e+13
1.534596802934999943e+09 1.582218139648437500e+13
1.534596877335000038e+09 1.040821289062500000e+13
1.534596951734999895e+09 1.580331665039062500e+13
1.534596974535000086e+09 3.042291748046875000e+13
1.534596988934999943e+09 1.565240478515625000e+13
1.534596988934999943e+09 1.565240478515625000e+13
1.534597011734999895e+09 3.053610107421875000e+13
1.534597026134999990e+09 1.571371215820312500e+13
1.534597026134999990e+09 1.571371215820312500e+13
1.534597048934999943e+09 3.040405517578125000e+13
1.534597100535000086e+09 1.561939331054687500e+13
1.534597156934999943e+09 -9.432000517845153809e+09
1.534597174934999943e+09 1.573729248046875000e+13
1.534597249335000038e+09 1.051196533203125000e+13
1.534597323734999895e+09 1.554865356445312500e+13
1.534597398134999990e+09 1.581746459960937500e+13
1.534597398134999990e+09 1.581746459960937500e+13
1.534597472535000086e+09 1.579860107421875000e+13
1.534597532535000086e+09 3.018240234375000000e+13
1.534597546934999943e+09 1.568541625976562500e+13
1.534597621335000038e+09 1.586934082031250000e+13
1.534659715335000038e+09 1.278036041259765625e+12
1.534659826934999943e+09 1.054497680664062500e+13
1.534660050134999990e+09 1.579860107421875000e+13
1.534660124535000086e+09 1.585519287109375000e+13
1.534660198934999943e+09 1.596837646484375000e+13
1.534660273335000038e+09 1.067230957031250000e+13
1.534660347734999895e+09 1.595422851562500000e+13
1.534660422134999990e+09 1.593064941406250000e+13
1.534660496535000086e+09 1.602968505859375000e+13
1.534660570934999943e+09 1.586462402343750000e+13
1.534660645335000038e+09 1.072418457031250000e+13
1.534660794134999990e+09 1.587405639648437500e+13
1.534661017335000038e+09 1.581746459960937500e+13
1.534661166134999990e+09 1.591178588867187500e+13
1.534661240535000086e+09 1.584104492187500000e+13
1.534661314934999943e+09 1.062986450195312500e+13
1.534661389335000038e+09 1.582218139648437500e+13
1.534661463734999895e+09 1.587405639648437500e+13
1.534661538134999990e+09 1.596366088867187500e+13
1.534661612535000086e+09 1.575144165039062500e+13
1.535025735734999895e+09 1.282752075195312500e+12
1.535025847335000038e+09 1.061571655273437500e+13
1.535025996134999990e+09 1.595894531250000000e+13
1.535026070535000086e+09 1.586462402343750000e+13
1.535026144934999943e+09 1.609099365234375000e+13
1.535026256535000086e+09 1.071003662109375000e+13
1.535026293734999895e+09 1.607684448242187500e+13
1.535026330934999943e+09 1.611928955078125000e+13
1.535026405335000038e+09 1.598724121093750000e+13
1.535026479734999895e+09 1.589291992187500000e+13
1.535026554134999990e+09 1.066287719726562500e+13
1.535026628535000086e+09 1.599195678710937500e+13
1.535026702934999943e+09 1.601553710937500000e+13
1.535026777335000038e+09 1.592593261718750000e+13
1.535026851734999895e+09 1.605326416015625000e+13
1.535026926134999990e+09 1.066287719726562500e+13
1.535027037734999895e+09 1.591650024414062500e+13
1.535027112134999990e+09 1.595422851562500000e+13
1.535027186535000086e+09 1.604383300781250000e+13
1.535027260934999943e+09 1.591650024414062500e+13
1.535027446934999943e+09 1.594951293945312500e+13
1.535027480535000086e+09 4.716000258922576904e+09
1.535027484134999990e+09 4.716000258922576904e+09
1.535054193734999895e+09 1.367640075683593750e+12
1.535054268134999990e+09 1.097413208007812500e+13
1.535054342535000086e+09 1.636452026367187500e+13
1.535054416934999943e+09 1.627020141601562500e+13
1.535054491335000038e+09 1.641168090820312500e+13
1.535054714535000086e+09 1.097884887695312500e+13
1.535055086535000086e+09 1.641639648437500000e+13
1.535055160934999943e+09 1.639753295898437500e+13
1.535055235335000038e+09 1.635037353515625000e+13
1.535055309734999895e+09 1.652958129882812500e+13
1.535055384134999990e+09 1.096469970703125000e+13
1.535055458535000086e+09 1.637866943359375000e+13
1.535055532934999943e+09 1.634565673828125000e+13
1.535055607335000038e+09 1.649656860351562500e+13
1.535055681734999895e+09 1.639281616210937500e+13
1.535055718934999943e+09 1.095526855468750000e+13
1.535055756134999990e+09 1.630792846679687500e+13
1.535055793335000038e+09 1.639753295898437500e+13
1.535055830535000086e+09 1.644469238281250000e+13
1.535055867734999895e+09 1.641168090820312500e+13
1.535055927734999895e+09 2.808849609375000000e+13
1.535055927734999895e+09 2.808849609375000000e+13
1.535055942134999990e+09 4.716000258922576904e+09
1.535055961335000038e+09 9.432000517845153809e+09
1.535113971734999895e+09 1.400652008056640625e+12
1.535114083335000038e+09 1.070531982421875000e+13
1.535114269335000038e+09 1.599195678710937500e+13
1.535114343734999895e+09 1.601553710937500000e+13
1.535114418134999990e+09 1.612872070312500000e+13
1.535114492535000086e+09 1.073833251953125000e+13
1.535114566934999943e+09 1.623718872070312500e+13
1.535114641335000038e+09 1.610514038085937500e+13
1.535114715734999895e+09 1.623718872070312500e+13
1.535114790134999990e+09 1.604854858398437500e+13
1.535114864535000086e+09 1.061100097656250000e+13
1.535114938934999943e+09 1.600138916015625000e+13
1.535115013335000038e+09 1.618059692382812500e+13
1.535115087734999895e+09 1.610514038085937500e+13
1.535115162134999990e+09 1.620417602539062500e+13
1.535115236535000086e+09 1.082322021484375000e+13
1.535115310934999943e+09 1.609570922851562500e+13
1.535115385335000038e+09 1.602968505859375000e+13
1.535115459734999895e+09 1.612872070312500000e+13
1.535115459734999895e+09 1.612872070312500000e+13
1.535115519734999895e+09 2.834787597656250000e+13
1.535115534134999990e+09 1.621360839843750000e+13
1.535115631335000038e+09 2.856952880859375000e+13
1.535115668535000086e+09 2.899396972656250000e+13
1.535248807335000038e+09 1.301616058349609375e+12
1.535249402535000086e+09 1.282752075195312500e+12
1.535249514134999990e+09 1.058270507812500000e+13
1.535249848934999943e+09 1.282752075195312500e+12
1.535250034934999943e+09 1.058742065429687500e+13
1.535250109335000038e+09 1.589763671875000000e+13
1.535250183734999895e+09 1.587405639648437500e+13
1.535250258134999990e+09 1.599667236328125000e+13
1.535250332535000086e+09 1.064872802734375000e+13
1.535250406934999943e+09 1.602496826171875000e+13
1.535250481335000038e+09 1.598252441406250000e+13
1.535250555734999895e+09 1.591650024414062500e+13
1.535250630134999990e+09 1.596366088867187500e+13
1.535250704535000086e+09 1.056855712890625000e+13
1.535250778934999943e+09 1.594951293945312500e+13
1.535250853335000038e+09 1.603911743164062500e+13
1.535250927734999895e+09 1.600138916015625000e+13
1.535251002134999990e+09 1.602968505859375000e+13
1.535251150934999943e+09 1.074304931640625000e+13
1.535251225335000038e+09 1.599195678710937500e+13
1.535251299734999895e+09 1.600138916015625000e+13
1.535251336934999943e+09 1.602968505859375000e+13
1.535251374134999990e+09 1.595894531250000000e+13
1.535323892535000086e+09 1.348776092529296875e+12
1.535323966934999943e+09 1.067702392578125000e+13
1.535324041335000038e+09 1.603440063476562500e+13
1.535324115734999895e+09 1.605326416015625000e+13
1.535324190134999990e+09 1.610042480468750000e+13
1.535324264535000086e+09 1.071003662109375000e+13
1.535324338934999943e+09 1.623247192382812500e+13
1.535324413335000038e+09 1.598252441406250000e+13
1.535324487734999895e+09 1.608156127929687500e+13
1.535324562134999990e+09 1.607212890625000000e+13
1.535324636535000086e+09 1.068645629882812500e+13
1.535324710934999943e+09 1.591650024414062500e+13
1.535324785335000038e+09 1.600138916015625000e+13
1.535324859734999895e+09 1.608627685546875000e+13
1.535324934134999990e+09 1.607212890625000000e+13
1.535325008535000086e+09 1.079020874023437500e+13
1.535325031335000038e+09 2.751786132812500000e+13
1.535325082934999943e+09 1.609099365234375000e+13
1.535325157335000038e+09 1.598252441406250000e+13
1.535325180134999990e+09 2.707455810546875000e+13
1.535325231734999895e+09 1.614286865234375000e+13
1.535325380535000086e+09 1.602496826171875000e+13
1.535387443335000038e+09 1.235592041015625000e+12
1.535388038535000086e+09 1.045065673828125000e+13
1.535388150134999990e+09 1.577973754882812500e+13
1.535388224535000086e+09 1.577502075195312500e+13
1.535388298934999943e+09 1.570899658203125000e+13
1.535388373335000038e+09 1.043650878906250000e+13
1.535388447734999895e+09 1.575615722656250000e+13
1.535388522134999990e+09 1.582218139648437500e+13
1.535388596535000086e+09 1.544490112304687500e+13
1.535388670934999943e+09 1.569484863281250000e+13
1.535388745335000038e+09 1.045065673828125000e+13
1.535388894134999990e+09 1.566183715820312500e+13
1.535388968535000086e+09 1.560052978515625000e+13
1.535389042934999943e+09 1.569956542968750000e+13
1.535389117335000038e+09 1.559109741210937500e+13
1.535389140134999990e+09 1.414800047874450684e+10
1.535389191734999895e+09 1.046008911132812500e+13
1.535389266134999990e+09 1.565240478515625000e+13
1.535389340535000086e+09 1.551564086914062500e+13
1.535389374134999990e+09 9.432000517845153809e+09
1.535389414934999943e+09 1.561467651367187500e+13
1.535389414934999943e+09 1.561467651367187500e+13
1.535389452134999990e+09 1.560524414062500000e+13
1.535389474934999943e+09 4.716000258922576904e+09
1.535389489335000038e+09 1.562410888671875000e+13
1.535389508535000086e+09 4.716000258922576904e+09
1.535389526535000086e+09 1.562882446289062500e+13
1.535389597335000038e+09 4.716000258922576904e+09
1.535389620134999990e+09 0.000000000000000000e+00
1.535389638134999990e+09 0.000000000000000000e+00
1.535413720934999943e+09 1.230876083374023438e+12
1.535413832535000086e+09 1.033275756835937500e+13
1.535413944134999990e+09 1.552035766601562500e+13
1.535414018535000086e+09 1.554865356445312500e+13
1.535414092934999943e+09 1.557694824218750000e+13
1.535414167335000038e+09 1.037048461914062500e+13
1.535414186535000086e+09 -4.716000258922576904e+09
1.535414241734999895e+09 1.561467651367187500e+13
1.535414260934999943e+09 -4.716000258922576904e+09
1.535414316134999990e+09 1.552978881835937500e+13
1.535414390535000086e+09 1.559109741210937500e+13
1.535414409734999895e+09 4.716000258922576904e+09
1.535414464934999943e+09 1.552507202148437500e+13
1.535414539335000038e+09 1.045065673828125000e+13
1.535414613734999895e+09 1.560524414062500000e+13
1.535414688134999990e+09 1.564768920898437500e+13
1.535414688134999990e+09 1.564768920898437500e+13
1.535414762535000086e+09 1.556280029296875000e+13
1.535414781734999895e+09 0.000000000000000000e+00
1.535414781734999895e+09 0.000000000000000000e+00
1.535414836934999943e+09 1.549677734375000000e+13
1.535414911335000038e+09 1.039406372070312500e+13
1.535414985734999895e+09 1.563825683593750000e+13
1.535415060134999990e+09 1.554393676757812500e+13
1.535415134535000086e+09 1.553450439453125000e+13
1.535415153734999895e+09 1.414800047874450684e+10
1.535415171734999895e+09 1.553450439453125000e+13
1.535415208934999943e+09 1.561467651367187500e+13
1.535415231734999895e+09 9.432000517845153809e+09
1.535415268934999943e+09 0.000000000000000000e+00
1.535515761734999895e+09 1.226160049438476562e+12
1.535515910535000086e+09 1.086566406250000000e+13
1.535516096535000086e+09 1.612400512695312500e+13
1.535516208134999990e+09 1.615701660156250000e+13
1.535516282535000086e+09 1.624662109375000000e+13
1.535516356934999943e+09 1.075248046875000000e+13
1.535516431335000038e+09 1.622304077148437500e+13
1.535516487734999895e+09 -1.414800047874450684e+10
1.535516505734999895e+09 1.616644897460937500e+13
1.535516580134999990e+09 1.615229980468750000e+13
1.535516654535000086e+09 1.616173339843750000e+13
1.535516728934999943e+09 1.084208496093750000e+13
1.535516803335000038e+09 1.629378051757812500e+13
1.535516877734999895e+09 1.618531250000000000e+13
1.535516937734999895e+09 2.843748291015625000e+13
1.535516952134999990e+09 1.623247192382812500e+13
1.535517026535000086e+09 1.622304077148437500e+13
1.535517100934999943e+09 1.083265258789062500e+13
1.535517175335000038e+09 1.628906494140625000e+13
1.535517198134999990e+09 2.874873779296875000e+13
1.535517249734999895e+09 1.620417602539062500e+13
1.535517309734999895e+09 2.870157714843750000e+13
1.535517324134999990e+09 1.617116577148437500e+13
1.535517346934999943e+09 2.852708496093750000e+13
1.535517384134999990e+09 2.861197265625000000e+13
1.535517384134999990e+09 2.861197265625000000e+13
1.535517398535000086e+09 1.623247192382812500e+13
1.535517398535000086e+09 1.623247192382812500e+13
1.535517421335000038e+09 2.840447021484375000e+13
1.535517421335000038e+09 2.840447021484375000e+13
1.535517435734999895e+09 -9.432000517845153809e+09
1.535517458535000086e+09 2.828656982421875000e+13
1.535547249734999895e+09 1.221444091796875000e+12
1.535547398535000086e+09 1.057327148437500000e+13
1.535547733335000038e+09 1.601553710937500000e+13
1.535547807734999895e+09 1.608627685546875000e+13
1.535547882134999990e+09 1.595894531250000000e+13
1.535547956535000086e+09 1.064872802734375000e+13
1.535548030934999943e+09 1.606741333007812500e+13
1.535548050134999990e+09 4.716000258922576904e+09
1.535548105335000038e+09 1.592121704101562500e+13
1.535548179734999895e+09 1.585990966796875000e+13
1.535548328535000086e+09 1.585990966796875000e+13
1.535548402934999943e+09 1.061571655273437500e+13
1.535548477335000038e+09 1.593536499023437500e+13
1.535548551734999895e+09 1.587877319335937500e+13
1.535548570934999943e+09 0.000000000000000000e+00
1.535548626134999990e+09 1.583632934570312500e+13
1.535548700535000086e+09 1.585047729492187500e+13
1.535548774934999943e+09 1.060156860351562500e+13
1.535548794134999990e+09 4.716000258922576904e+09
1.535548849335000038e+09 1.581746459960937500e+13
1.535548886535000086e+09 1.585990966796875000e+13
1.535548923734999895e+09 1.594479614257812500e+13
1.535548946535000086e+09 9.432000517845153809e+09
1.535548960934999943e+09 1.592121704101562500e+13
1.535573592134999990e+09 1.207296066284179688e+12
1.535573703734999895e+09 1.055912475585937500e+13
1.535573740934999943e+09 1.572314453125000000e+13
1.535573815335000038e+09 1.574672485351562500e+13
1.535573889734999895e+09 1.582689697265625000e+13
1.535573964134999990e+09 1.041764404296875000e+13
1.535574038535000086e+09 1.574200927734375000e+13
1.535574098535000086e+09 2.841390136718750000e+13
1.535574112934999943e+09 1.594951293945312500e+13
1.535574187335000038e+09 1.596366088867187500e+13
1.535574261734999895e+09 1.594479614257812500e+13
1.535574284535000086e+09 2.831014892578125000e+13
1.535574336134999990e+09 1.065816040039062500e+13
1.535574373335000038e+09 1.604383300781250000e+13
1.535574410535000086e+09 1.585990966796875000e+13
1.535574484934999943e+09 1.594951293945312500e+13
1.535574559335000038e+09 1.604383300781250000e+13
1.535574615734999895e+09 9.432000517845153809e+09
1.535574633734999895e+09 1.595422851562500000e+13
1.535574708134999990e+09 1.067702392578125000e+13
1.535574782535000086e+09 1.593536499023437500e+13
1.535574856934999943e+09 1.587877319335937500e+13
1.535574931335000038e+09 1.589291992187500000e+13
1.535575005734999895e+09 1.594951293945312500e+13
1.535575113734999895e+09 1.886400103569030762e+10
1.535618071335000038e+09 1.254456024169921875e+12
1.535618145734999895e+09 1.091754028320312500e+13
1.535618257335000038e+09 1.637866943359375000e+13
1.535618331734999895e+09 1.627020141601562500e+13
1.535618406134999990e+09 1.631264404296875000e+13
1.535618480535000086e+09 1.087981323242187500e+13
1.535618554934999943e+09 1.628906494140625000e+13
1.535618629335000038e+09 1.646827270507812500e+13
1.535618703734999895e+09 1.631264404296875000e+13
1.535618778134999990e+09 1.640696533203125000e+13
1.535618852535000086e+09 1.094112060546875000e+13
1.535618926934999943e+09 1.645884155273437500e+13
1.535619001335000038e+09 1.637866943359375000e+13
1.535619075734999895e+09 1.621360839843750000e+13
1.535619150134999990e+09 1.622304077148437500e+13
1.535619224535000086e+09 1.086566406250000000e+13
1.535619298934999943e+09 1.623247192382812500e+13
1.535619373335000038e+09 1.614286865234375000e+13
1.535619447734999895e+09 1.628906494140625000e+13
1.535619484934999943e+09 1.623247192382812500e+13
1.535619507734999895e+09 2.838560546875000000e+13
1.535619522134999990e+09 1.617588012695312500e+13
1.535737017734999895e+09 1.311048126220703125e+12
1.535737092134999990e+09 1.067702392578125000e+13
1.535737166535000086e+09 1.604854858398437500e+13
1.535737240934999943e+09 1.607684448242187500e+13
1.535737315335000038e+09 1.605798095703125000e+13
1.535737389734999895e+09 1.064872802734375000e+13
1.535737464134999990e+09 1.608156127929687500e+13
1.535737538535000086e+09 1.624190551757812500e+13
1.535737612934999943e+09 1.608627685546875000e+13
1.535737687335000038e+09 1.619946166992187500e+13
1.535737761734999895e+09 1.067230957031250000e+13
1.535737836134999990e+09 1.604383300781250000e+13
1.535737910535000086e+09 1.612872070312500000e+13
1.535737984934999943e+09 1.607212890625000000e+13
1.535738059335000038e+09 1.603911743164062500e+13
1.535738119335000038e+09 2.885720458984375000e+13
1.535738133734999895e+09 1.065344360351562500e+13
1.535738193734999895e+09 2.890436767578125000e+13
1.535738208134999990e+09 1.607212890625000000e+13
1.535738282535000086e+09 1.611457275390625000e+13
1.535738356934999943e+09 1.618531250000000000e+13
1.535738431335000038e+09 1.602025268554687500e+13
1.535738454134999990e+09 2.871572509765625000e+13
1.535745207734999895e+09 1.301616058349609375e+12
1.535745282134999990e+09 1.066759277343750000e+13
1.535745356535000086e+09 1.617588012695312500e+13
1.535745430934999943e+09 1.614758544921875000e+13
1.535745505335000038e+09 1.595894531250000000e+13
1.535745579734999895e+09 1.072890014648437500e+13
1.535745654134999990e+09 1.608627685546875000e+13
1.535745728535000086e+09 1.610985717773437500e+13
1.535745802934999943e+09 1.616644897460937500e+13
1.535745877335000038e+09 1.608156127929687500e+13
1.535745951734999895e+09 1.062986450195312500e+13
1.535746026134999990e+09 1.611457275390625000e+13
1.535746100535000086e+09 1.601082153320312500e+13
1.535746174934999943e+09 1.610985717773437500e+13
1.535746249335000038e+09 1.614758544921875000e+13
1.535746323734999895e+09 1.063929687500000000e+13
1.535746398134999990e+09 1.614286865234375000e+13
1.535746458134999990e+09 2.844691162109375000e+13
1.535746472535000086e+09 1.611928955078125000e+13
1.535746546934999943e+09 1.619946166992187500e+13
1.535746621335000038e+09 1.607684448242187500e+13
1.535794870934999943e+09 1.306332092285156250e+12
1.535795019734999895e+09 1.067702392578125000e+13
1.535796024134999990e+09 1.306332092285156250e+12
1.535796098535000086e+09 1.070060424804687500e+13
1.535796172934999943e+09 1.610514038085937500e+13
1.535796247335000038e+09 1.595894531250000000e+13
1.535796321734999895e+09 1.601553710937500000e+13
1.535796396134999990e+09 1.066287719726562500e+13
1.535796470535000086e+09 1.607212890625000000e+13
1.535796544934999943e+09 1.604383300781250000e+13
1.535796619335000038e+09 1.609099365234375000e+13
1.535796693734999895e+09 1.617588012695312500e+13
1.535796768134999990e+09 1.067230957031250000e+13
1.535796842535000086e+09 1.614286865234375000e+13
1.535796865335000038e+09 2.897510498046875000e+13
1.535796916934999943e+09 1.610985717773437500e+13
1.535796991335000038e+09 1.610985717773437500e+13
1.535797047734999895e+09 9.432000517845153809e+09
1.535797065734999895e+09 1.610514038085937500e+13
1.535797140134999990e+09 1.067702392578125000e+13
1.535797214535000086e+09 1.604854858398437500e+13
1.535797288934999943e+09 1.609570922851562500e+13
1.535797308134999990e+09 0.000000000000000000e+00
1.535797363335000038e+09 1.615229980468750000e+13
1.535797382535000086e+09 1.414800047874450684e+10
1.535797386134999990e+09 2.868742919921875000e+13
1.535797437734999895e+09 1.607212890625000000e+13
1.535797460535000086e+09 2.879589843750000000e+13
1.535829675734999895e+09 1.311048126220703125e+12
1.535829750134999990e+09 1.070060424804687500e+13
1.535829824535000086e+09 1.608627685546875000e+13
1.535829898934999943e+09 1.615701660156250000e+13
1.535829973335000038e+09 1.603911743164062500e+13
1.535830047734999895e+09 1.074304931640625000e+13
1.535830122134999990e+09 1.613815307617187500e+13
1.535830196535000086e+09 1.607212890625000000e+13
1.535830270934999943e+09 1.603440063476562500e+13
1.535830308134999990e+09 1.607212890625000000e+13
1.535830345335000038e+09 1.614758544921875000e+13
1.535830419734999895e+09 1.087038085937500000e+13
1.535830494134999990e+09 1.595894531250000000e+13
1.535830568535000086e+09 1.612400512695312500e+13
1.535830642934999943e+09 1.615229980468750000e+13
1.535830665734999895e+09 2.852237060546875000e+13
1.535830717335000038e+09 1.606741333007812500e+13
1.535830791734999895e+09 1.067230957031250000e+13
1.535830866134999990e+09 1.618531250000000000e+13
1.535830940535000086e+09 1.607212890625000000e+13
1.535831014934999943e+09 1.602968505859375000e+13
1.535831089335000038e+09 1.603440063476562500e+13
1.535851657335000038e+09 1.325196075439453125e+12
1.535851768934999943e+09 1.056855712890625000e+13
1.535851843335000038e+09 1.587877319335937500e+13
1.535851917734999895e+09 1.597780883789062500e+13
1.535851992134999990e+09 1.591178588867187500e+13
1.535852066535000086e+09 1.065816040039062500e+13
1.535852140934999943e+09 1.589291992187500000e+13
1.535852215335000038e+09 1.592121704101562500e+13
1.535852289734999895e+09 1.595422851562500000e+13
1.535852364134999990e+09 1.595894531250000000e+13
1.535852438535000086e+09 1.066759277343750000e+13
1.535852512934999943e+09 1.592121704101562500e+13
1.535852587335000038e+09 1.602496826171875000e+13
1.535852661734999895e+09 1.604383300781250000e+13
1.535852736134999990e+09 1.606269653320312500e+13
1.535852810535000086e+09 1.057798828125000000e+13
1.535852884934999943e+09 1.586462402343750000e+13
1.535852959335000038e+09 1.598252441406250000e+13
1.535853033734999895e+09 1.609099365234375000e+13
1.535853108134999990e+09 1.583161376953125000e+13
1.535853182535000086e+09 2.892794433593750000e+13
1.535883309734999895e+09 1.292183990478515625e+12
1.535883384134999990e+09 1.064872802734375000e+13
1.535883532934999943e+09 1.597780883789062500e+13
1.535883607335000038e+09 1.602496826171875000e+13
1.535883681734999895e+09 1.588348876953125000e+13
1.535883756134999990e+09 1.069117309570312500e+13
1.535883830535000086e+09 1.597780883789062500e+13
1.535883904934999943e+09 1.597309204101562500e+13
1.535883979335000038e+09 1.597780883789062500e+13
1.535884128134999990e+09 1.605326416015625000e+13
1.535884202535000086e+09 1.056855712890625000e+13
1.535884276934999943e+09 1.605326416015625000e+13
1.535884351335000038e+09 1.594479614257812500e+13
1.535884388535000086e+09 1.059685302734375000e+13
1.535884425734999895e+09 1.600610473632812500e+13
1.535884500134999990e+09 1.602968505859375000e+13
1.535884574535000086e+09 1.069117309570312500e+13
1.535884648934999943e+09 1.587405639648437500e+13
1.535884723335000038e+09 1.599667236328125000e+13
1.535884746134999990e+09 2.874873779296875000e+13
1.535884760535000086e+09 1.591650024414062500e+13
1.535884797734999895e+09 1.609570922851562500e+13
1.535920208535000086e+09 1.320480041503906250e+12
1.535920282934999943e+09 1.060628417968750000e+13
1.535920431734999895e+09 1.600610473632812500e+13
1.535920506134999990e+09 1.594008056640625000e+13
1.535920580535000086e+09 1.599667236328125000e+13
1.535920654934999943e+09 1.064401245117187500e+13
1.535920654934999943e+09 1.064401245117187500e+13
1.535920729335000038e+09 1.594951293945312500e+13
1.535920729335000038e+09 1.594951293945312500e+13
1.535920766535000086e+09 1.586934082031250000e+13
1.535920766535000086e+09 1.586934082031250000e+13
1.535920789335000038e+09 2.889493408203125000e+13
1.535920803734999895e+09 1.600610473632812500e+13
1.535920803734999895e+09 1.600610473632812500e+13
1.535920822934999943e+09 1.414800047874450684e+10
1.535920826535000086e+09 2.847520996093750000e+13
1.535920840934999943e+09 1.066287719726562500e+13
1.535920840934999943e+09 1.066287719726562500e+13
1.535920878134999990e+09 1.605326416015625000e+13
1.535920900934999943e+09 2.880061523437500000e+13
1.535920938134999990e+09 2.885720458984375000e+13
1.535920952535000086e+09 1.599195678710937500e+13
1.535920952535000086e+09 1.599195678710937500e+13
1.535921026934999943e+09 1.062043334960937500e+13
1.535921101335000038e+09 1.588820434570312500e+13
1.535921175734999895e+09 1.597780883789062500e+13
1.535921250134999990e+09 1.622304077148437500e+13
1.535921324535000086e+09 1.602025268554687500e+13
1.535921398934999943e+09 1.073361572265625000e+13
1.535921455335000038e+09 0.000000000000000000e+00
1.535921473335000038e+09 1.618531250000000000e+13
1.535921547734999895e+09 1.602496826171875000e+13
1.535921584934999943e+09 1.598724121093750000e+13
1.535921622134999990e+09 1.604854858398437500e+13
1.535921644934999943e+09 2.882419433593750000e+13
1.535952156134999990e+09 1.315764007568359375e+12
1.535952304934999943e+09 1.065816040039062500e+13
1.535952453734999895e+09 1.599195678710937500e+13
1.535952528134999990e+09 1.602496826171875000e+13
1.535952602535000086e+09 1.593536499023437500e+13
1.535952676934999943e+09 1.069588867187500000e+13
1.535952751335000038e+09 1.592121704101562500e+13
1.535952825734999895e+09 1.591650024414062500e+13
1.535952900134999990e+09 1.606269653320312500e+13
1.535952974535000086e+09 1.600610473632812500e+13
1.535953048934999943e+09 1.064872802734375000e+13
1.535953123335000038e+09 1.597780883789062500e+13
1.535953197734999895e+09 1.592593261718750000e+13
1.535953272134999990e+09 1.598252441406250000e+13
1.535953346535000086e+09 1.606741333007812500e+13
1.535953369335000038e+09 2.900340332031250000e+13
1.535953495335000038e+09 1.069588867187500000e+13
1.535953569734999895e+09 1.590235229492187500e+13
1.535953644134999990e+09 1.603911743164062500e+13
1.535953718535000086e+09 1.590706909179687500e+13
1.535953778535000086e+09 2.874402343750000000e+13
1.535953792934999943e+09 1.611928955078125000e+13
1.535953815734999895e+09 2.879589843750000000e+13
1.535988718934999943e+09 1.344060058593750000e+12
1.535988793335000038e+09 1.078549194335937500e+13
1.535988867734999895e+09 1.621360839843750000e+13
1.535988942134999990e+09 1.619474487304687500e+13
1.535989016535000086e+09 1.615701660156250000e+13
1.535989090934999943e+09 1.080907226562500000e+13
1.535989165335000038e+09 1.610985717773437500e+13
1.535989239734999895e+09 1.621360839843750000e+13
1.535989314134999990e+09 1.610514038085937500e+13
1.535989388535000086e+09 1.614286865234375000e+13
1.535989462934999943e+09 1.079020874023437500e+13
1.535989462934999943e+09 1.079020874023437500e+13
1.535989500134999990e+09 1.624190551757812500e+13
1.535989537335000038e+09 1.617588012695312500e+13
1.535989611734999895e+09 1.612872070312500000e+13
1.535989686134999990e+09 1.619002929687500000e+13
1.535989760535000086e+09 1.610042480468750000e+13
1.535989834934999943e+09 1.085623291015625000e+13
1.535989857734999895e+09 2.876288574218750000e+13
1.535989909335000038e+09 1.608627685546875000e+13
1.535989983734999895e+09 1.619474487304687500e+13
1.535990058134999990e+09 1.595894531250000000e+13
1.535990118134999990e+09 2.889965087890625000e+13
1.535990132535000086e+09 1.618531250000000000e+13
1.536036495734999895e+09 1.329912109375000000e+12
1.536036570134999990e+09 1.078549194335937500e+13
1.536036718934999943e+09 1.620889282226562500e+13
1.536036793335000038e+09 1.615701660156250000e+13
1.536036867734999895e+09 1.617588012695312500e+13
1.536036942134999990e+09 1.082793701171875000e+13
1.536037016535000086e+09 1.625133789062500000e+13
1.536037090934999943e+09 1.624190551757812500e+13
1.536037165335000038e+09 1.625605224609375000e+13
1.536037239734999895e+09 1.630792846679687500e+13
1.536037314134999990e+09 1.068174072265625000e+13
1.536037388535000086e+09 1.617116577148437500e+13
1.536037462934999943e+09 1.612872070312500000e+13
1.536037537335000038e+09 1.617588012695312500e+13
1.536037611734999895e+09 1.606741333007812500e+13
1.536037686134999990e+09 1.077606079101562500e+13
1.536037760535000086e+09 1.639753295898437500e+13
1.536037834934999943e+09 1.622304077148437500e+13
1.536037872134999990e+09 1.622775634765625000e+13
1.536037894934999943e+09 2.876288574218750000e+13
1.536037909335000038e+09 1.619946166992187500e+13
1.536088843335000038e+09 1.386504058837890625e+12
1.536088917734999895e+09 1.076191284179687500e+13
1.536088992134999990e+09 1.612400512695312500e+13
1.536089066535000086e+09 1.621360839843750000e+13
1.536089140934999943e+09 1.623247192382812500e+13
1.536089215335000038e+09 1.083265258789062500e+13
1.536089289734999895e+09 1.610985717773437500e+13
1.536089364134999990e+09 1.619002929687500000e+13
1.536089438535000086e+09 1.611928955078125000e+13
1.536089587335000038e+09 1.615229980468750000e+13
1.536089661734999895e+09 1.071946899414062500e+13
1.536089736134999990e+09 1.605798095703125000e+13
1.536089810535000086e+09 1.604383300781250000e+13
1.536089884934999943e+09 1.623718872070312500e+13
1.536089959335000038e+09 1.609570922851562500e+13
1.536090019335000038e+09 2.882419433593750000e+13
1.536090019335000038e+09 2.882419433593750000e+13
1.536090033734999895e+09 1.074304931640625000e+13
1.536090033734999895e+09 1.074304931640625000e+13
1.536090093734999895e+09 2.880532958984375000e+13
1.536090108134999990e+09 1.624190551757812500e+13
1.536090168134999990e+09 2.902697998046875000e+13
1.536090256934999943e+09 1.625133789062500000e+13
1.536090331335000038e+09 1.620417602539062500e+13
1.536090368535000086e+09 1.629849731445312500e+13
1.536090368535000086e+09 1.629849731445312500e+13
1.536090387734999895e+09 -4.716000258922576904e+09
1.536144369734999895e+09 1.339344024658203125e+12
1.536144481335000038e+09 1.068645629882812500e+13
1.536144555734999895e+09 1.606741333007812500e+13
1.536144630134999990e+09 1.631736083984375000e+13
1.536144704535000086e+09 1.604854858398437500e+13
1.536144778934999943e+09 1.067702392578125000e+13
1.536144853335000038e+09 1.613343627929687500e+13
1.536144927734999895e+09 1.622304077148437500e+13
1.536144927734999895e+09 1.622304077148437500e+13
1.536145002134999990e+09 1.619946166992187500e+13
1.536145076535000086e+09 1.615229980468750000e+13
1.536145150934999943e+09 1.069588867187500000e+13
1.536145225335000038e+09 1.628906494140625000e+13
1.536145299734999895e+09 1.610042480468750000e+13
1.536145374134999990e+09 1.607212890625000000e+13
1.536145448535000086e+09 1.614286865234375000e+13
1.536145522934999943e+09 1.070060424804687500e+13
1.536145522934999943e+09 1.070060424804687500e+13
1.536145597335000038e+09 1.615701660156250000e+13
1.536145671734999895e+09 1.615229980468750000e+13
1.536145746134999990e+09 1.619946166992187500e+13
1.536145806134999990e+09 9.432000517845153809e+09
1.536145820535000086e+09 1.617588012695312500e+13
1.536145839734999895e+09 0.000000000000000000e+00
1.536145876934999943e+09 1.886400103569030762e+10
1.536145954934999943e+09 9.432000517845153809e+09
1.536145969335000038e+09 4.716000258922576904e+09
1.536145988535000086e+09 9.432000517845153809e+09
1.536145992134999990e+09 1.414800047874450684e+10
1.536195608535000086e+09 1.348776092529296875e+12
1.536195906134999990e+09 1.072890014648437500e+13
1.536195980535000086e+09 1.607212890625000000e+13
1.536196054934999943e+09 1.596366088867187500e+13
1.536196129335000038e+09 1.621832519531250000e+13
1.536196203734999895e+09 1.071003662109375000e+13
1.536196278134999990e+09 1.607212890625000000e+13
1.536196352535000086e+09 1.612872070312500000e+13
1.536196426934999943e+09 1.603911743164062500e+13
1.536196501335000038e+09 1.606741333007812500e+13
1.536196575734999895e+09 1.065816040039062500e+13
1.536196650134999990e+09 1.618531250000000000e+13
1.536196724535000086e+09 1.616644897460937500e+13
1.536196761734999895e+09 1.613815307617187500e+13
1.536196761734999895e+09 1.613815307617187500e+13
1.536196798934999943e+09 1.630321289062500000e+13
1.536196873335000038e+09 1.620889282226562500e+13
1.536196947734999895e+09 1.076191284179687500e+13
1.536197022134999990e+09 1.607684448242187500e+13
1.536197096535000086e+09 1.618059692382812500e+13
1.536197170934999943e+09 1.614286865234375000e+13
1.536197245335000038e+09 1.610985717773437500e+13
1.536197301734999895e+09 -9.432000517845153809e+09
1.536236901734999895e+09 1.362924041748046875e+12
1.536237013335000038e+09 1.071946899414062500e+13
1.536237124934999943e+09 1.622775634765625000e+13
1.536237199335000038e+09 1.619946166992187500e+13
1.536237273734999895e+09 1.624662109375000000e+13
1.536237348134999990e+09 1.087038085937500000e+13
1.536237422535000086e+09 1.627963256835937500e+13
1.536237496934999943e+09 1.628906494140625000e+13
1.536237571335000038e+09 1.629849731445312500e+13
1.536237645734999895e+09 1.626076904296875000e+13
1.536237720134999990e+09 1.080907226562500000e+13
1.536237794535000086e+09 1.627020141601562500e+13
1.536237868934999943e+09 1.627491699218750000e+13
1.536237943335000038e+09 1.634094116210937500e+13
1.536238017734999895e+09 1.622304077148437500e+13
1.536238092134999990e+09 1.068174072265625000e+13
1.536238166535000086e+09 1.614758544921875000e+13
1.536238203734999895e+09 1.632679321289062500e+13
1.536238240934999943e+09 1.622304077148437500e+13
1.536238315335000038e+09 1.632679321289062500e+13
1.536238389734999895e+09 1.643526123046875000e+13
1.536238449734999895e+09 2.872987304687500000e+13
1.536238449734999895e+09 2.872987304687500000e+13
1.536238449734999895e+09 2.872987304687500000e+13
1.536238486934999943e+09 2.885249023437500000e+13
1.536278306535000086e+09 1.334627990722656250e+12
1.536278380934999943e+09 1.091282470703125000e+13
1.536278455335000038e+09 1.620889282226562500e+13
1.536278529734999895e+09 1.616644897460937500e+13
1.536278604134999990e+09 1.639281616210937500e+13
1.536278678535000086e+09 1.085623291015625000e+13
1.536278752934999943e+09 1.630792846679687500e+13
1.536278827335000038e+09 1.635508911132812500e+13
1.536278901734999895e+09 1.625133789062500000e+13
1.536278976134999990e+09 1.625605224609375000e+13
1.536279050535000086e+09 1.078077636718750000e+13
1.536279124934999943e+09 1.633622436523437500e+13
1.536279199335000038e+09 1.612872070312500000e+13
1.536279273734999895e+09 1.621360839843750000e+13
1.536279348134999990e+09 1.626076904296875000e+13
1.536279422535000086e+09 1.074776489257812500e+13
1.536279496934999943e+09 1.632207763671875000e+13
1.536279571335000038e+09 1.624662109375000000e+13
1.536279645734999895e+09 1.626548461914062500e+13
1.536279720134999990e+09 1.624662109375000000e+13
1.536314320934999943e+09 1.315764007568359375e+12
1.536314432535000086e+09 1.064401245117187500e+13
1.536314544134999990e+09 1.599195678710937500e+13
1.536314618535000086e+09 1.619946166992187500e+13
1.536314692934999943e+09 1.604383300781250000e+13
1.536314767335000038e+09 1.075248046875000000e+13
1.536314841734999895e+09 1.613815307617187500e+13
1.536314916134999990e+09 1.611928955078125000e+13
1.536314990535000086e+09 1.595422851562500000e+13
1.536315064934999943e+09 1.611457275390625000e+13
1.536315139335000038e+09 1.059685302734375000e+13
1.536315176535000086e+09 1.602496826171875000e+13
1.536315213734999895e+09 1.607684448242187500e+13
1.536315288134999990e+09 1.609099365234375000e+13
1.536315362535000086e+09 1.596837646484375000e+13
1.536315436934999943e+09 1.592121704101562500e+13
1.536315474134999990e+09 1.056384033203125000e+13
1.536315511335000038e+09 1.062986450195312500e+13
1.536315585734999895e+09 1.588348876953125000e+13
1.536315734535000086e+09 1.589763671875000000e+13
1.536315771734999895e+09 1.595422851562500000e+13
1.536315808934999943e+09 1.600138916015625000e+13
1.536315846134999990e+09 1.603440063476562500e+13
1.536337965734999895e+09 1.306332092285156250e+12
1.536338040134999990e+09 1.062514770507812500e+13
1.536338114535000086e+09 1.575615722656250000e+13
1.536338188934999943e+09 1.596366088867187500e+13
1.536338263335000038e+09 1.594008056640625000e+13
1.536338337734999895e+09 1.064872802734375000e+13
1.536338412134999990e+09 1.604383300781250000e+13
1.536338486535000086e+09 1.588820434570312500e+13
1.536338560934999943e+09 1.604854858398437500e+13
1.536338635335000038e+09 1.594479614257812500e+13
1.536338709734999895e+09 1.065816040039062500e+13
1.536338784134999990e+09 1.594479614257812500e+13
1.536338858535000086e+09 1.592121704101562500e+13
1.536338932934999943e+09 1.584104492187500000e+13
1.536339007335000038e+09 1.588348876953125000e+13
1.536339081734999895e+09 1.058270507812500000e+13
1.536339156134999990e+09 1.596837646484375000e+13
1.536339230535000086e+09 1.590235229492187500e+13
1.536339304934999943e+09 1.580803344726562500e+13
1.536339361335000038e+09 0.000000000000000000e+00
1.536339379335000038e+09 1.600138916015625000e+13
1.536339398535000086e+09 -9.432000517845153809e+09
1.536339402134999990e+09 1.886400103569030762e+10
1.536339472934999943e+09 -9.432000517845153809e+09
1.536339476535000086e+09 4.716000258922576904e+09
1.536339490934999943e+09 -9.432000517845153809e+09
1.536339528134999990e+09 -1.886400103569030762e+10
1.536339547335000038e+09 0.000000000000000000e+00
1.536339588134999990e+09 9.432000517845153809e+09
1.536364861335000038e+09 1.320480041503906250e+12
1.536364935734999895e+09 1.054026123046875000e+13
1.536365270535000086e+09 1.585047729492187500e+13
1.536365344934999943e+09 1.594951293945312500e+13
1.536365419335000038e+09 1.590706909179687500e+13
1.536365493734999895e+09 1.064872802734375000e+13
1.536365568134999990e+09 1.600138916015625000e+13
1.536365642535000086e+09 1.586934082031250000e+13
1.536365716934999943e+09 1.594479614257812500e+13
1.536365791335000038e+09 1.583161376953125000e+13
1.536365865734999895e+09 1.049781616210937500e+13
1.536365940134999990e+09 1.584576049804687500e+13
1.536366014535000086e+09 1.593064941406250000e+13
1.536366070934999943e+09 -4.716000258922576904e+09
1.536366088934999943e+09 1.586462402343750000e+13
1.536366163335000038e+09 1.590706909179687500e+13
1.536366312134999990e+09 1.056384033203125000e+13
1.536366386535000086e+09 1.580803344726562500e+13
1.536366460934999943e+09 1.590706909179687500e+13
1.536366535335000038e+09 1.594951293945312500e+13
1.536366572535000086e+09 1.588348876953125000e+13
1.536366609734999895e+09 1.599667236328125000e+13
1.536366684134999990e+09 1.581274780273437500e+13
1.536477943335000038e+09 1.315764007568359375e+12
1.536478017734999895e+09 1.058270507812500000e+13
1.536478092134999990e+09 1.592593261718750000e+13
1.536478166535000086e+09 1.585990966796875000e+13
1.536478240934999943e+09 1.584104492187500000e+13
1.536478315335000038e+09 1.049781616210937500e+13
1.536478389734999895e+09 1.578445312500000000e+13
1.536478464134999990e+09 1.585047729492187500e+13
1.536478538535000086e+09 1.578916870117187500e+13
1.536478612934999943e+09 1.577973754882812500e+13
1.536478687335000038e+09 1.049310058593750000e+13
1.536478761734999895e+09 1.585990966796875000e+13
1.536478836134999990e+09 1.567598510742187500e+13
1.536478836134999990e+09 1.567598510742187500e+13
1.536478858934999943e+09 2.839503662109375000e+13
1.536478910535000086e+09 1.569484863281250000e+13
1.536478984934999943e+09 1.584104492187500000e+13
1.536479059335000038e+09 1.051668090820312500e+13
1.536479133734999895e+09 1.578445312500000000e+13
1.536479208134999990e+09 1.578445312500000000e+13
1.536479282535000086e+09 1.561939331054687500e+13
1.536479356934999943e+09 1.578445312500000000e+13
1.536479416934999943e+09 2.879589843750000000e+13
1.536503990535000086e+09 1.358208007812500000e+12
1.536504176535000086e+09 1.084208496093750000e+13
1.536504250934999943e+09 1.636923706054687500e+13
1.536504585734999895e+09 1.620417602539062500e+13
1.536504660134999990e+09 1.625133789062500000e+13
1.536504734535000086e+09 1.077134521484375000e+13
1.536504808934999943e+09 1.636923706054687500e+13
1.536504883335000038e+09 1.625605224609375000e+13
1.536504920535000086e+09 1.627491699218750000e+13
1.536504957734999895e+09 1.630792846679687500e+13
1.536505032134999990e+09 1.641168090820312500e+13
1.536505106535000086e+09 1.076191284179687500e+13
1.536505180934999943e+09 1.626548461914062500e+13
1.536505255335000038e+09 1.632207763671875000e+13
1.536505329734999895e+09 1.627020141601562500e+13
1.536505404134999990e+09 1.633622436523437500e+13
1.536505478535000086e+09 1.089395996093750000e+13
1.536505478535000086e+09 1.089395996093750000e+13
1.536505552934999943e+09 1.623247192382812500e+13
1.536505627335000038e+09 1.627491699218750000e+13
1.536505664535000086e+09 1.633622436523437500e+13
1.536505701734999895e+09 1.626548461914062500e+13
1.536505776134999990e+09 1.619474487304687500e+13
1.536505798934999943e+09 2.820168212890625000e+13
1.536505873335000038e+09 2.851293701171875000e+13
1.536505873335000038e+09 2.851293701171875000e+13
1.536505909335000038e+09 2.837145751953125000e+13
1.536505909335000038e+09 2.837145751953125000e+13
1.536545845335000038e+09 1.353492126464843750e+12
1.536545956934999943e+09 1.093168945312500000e+13
1.536546105734999895e+09 1.633150878906250000e+13
1.536546180134999990e+09 1.634565673828125000e+13
1.536546254535000086e+09 1.646827270507812500e+13
1.536546328934999943e+09 1.087981323242187500e+13
1.536546403335000038e+09 1.629849731445312500e+13
1.536546477734999895e+09 1.636923706054687500e+13
1.536546552134999990e+09 1.632207763671875000e+13
1.536546626535000086e+09 1.628434814453125000e+13
1.536546700934999943e+09 1.092697265625000000e+13
1.536546775335000038e+09 1.637395263671875000e+13
1.536546849734999895e+09 1.635508911132812500e+13
1.536546924134999990e+09 1.640224853515625000e+13
1.536546961335000038e+09 1.629849731445312500e+13
1.536546998535000086e+09 1.635508911132812500e+13
1.536547035734999895e+09 1.079964111328125000e+13
1.536547072934999943e+09 1.093168945312500000e+13
1.536547221734999895e+09 1.649656860351562500e+13
1.536547296134999990e+09 1.638810058593750000e+13
1.536547370535000086e+09 1.638810058593750000e+13
1.536547393335000038e+09 2.838560546875000000e+13
1.536547407734999895e+09 1.642111328125000000e+13
1.536547467734999895e+09 0.000000000000000000e+00
1.536547482134999990e+09 0.000000000000000000e+00
1.536547504934999943e+09 1.886400103569030762e+10
1.536547526535000086e+09 0.000000000000000000e+00
1.536547526535000086e+09 0.000000000000000000e+00
1.536730536134999990e+09 1.084679985046386719e+11
1.536730722134999990e+09 1.084679985046386719e+11
1.536904011734999895e+09 1.084679985046386719e+11
1.536904123335000038e+09 1.084679985046386719e+11
1.536953824934999943e+09 1.179000091552734375e+11
1.536953968934999943e+09 1.315764007568359375e+12
1.536954352934999943e+09 4.932936096191406250e+12
1.536986163734999895e+09 1.367640018463134766e+11
1.536986312535000086e+09 1.325196075439453125e+12
1.536986424134999990e+09 1.545433227539062500e+13
1.536986498535000086e+09 1.533643310546875000e+13
1.536986572934999943e+09 1.531756835937500000e+13
1.536986647335000038e+09 1.526569213867187500e+13
1.536986721734999895e+09 1.536472900390625000e+13
1.537025571734999895e+09 1.339344024658203125e+12
1.537025720535000086e+09 5.347944335937500000e+12
1.537025794934999943e+09 5.385672607421875000e+12
1.537025869335000038e+09 5.442264404296875000e+12
1.537025943734999895e+09 5.371524658203125000e+12
1.537026018134999990e+09 5.324364013671875000e+12
1.537026092535000086e+09 5.310216674804687500e+12
1.537026166934999943e+09 5.352659912109375000e+12
1.537026241335000038e+09 5.291352539062500000e+12
1.537026315734999895e+09 5.310216674804687500e+12
1.537026390134999990e+09 5.296068725585937500e+12
1.537026464535000086e+09 5.300784301757812500e+12
1.537026538934999943e+09 5.319648437500000000e+12
1.537026613335000038e+09 5.286635742187500000e+12
1.537026687734999895e+09 5.376240234375000000e+12
1.537026762134999990e+09 5.324364013671875000e+12
1.537026836535000086e+09 5.399820556640625000e+12
1.537026910934999943e+09 5.385672607421875000e+12
1.537026985335000038e+09 5.357376098632812500e+12
1.537027059734999895e+09 5.305500488281250000e+12
1.537033716134999990e+09 1.367640018463134766e+11
1.537033864934999943e+09 1.367640018463134766e+11
1.537034013734999895e+09 1.367640018463134766e+11
1.537034088134999990e+09 1.273320102691650391e+11
1.537034162535000086e+09 1.084679985046386719e+11
1.537034236934999943e+09 1.084679985046386719e+11
1.537034311335000038e+09 1.084679985046386719e+11
1.537034385734999895e+09 9.432000160217285156e+10
1.537034460134999990e+09 1.226160049438476562e+11
1.537034534535000086e+09 1.131840038299560547e+11
1.537034608934999943e+09 1.226160049438476562e+11
1.537034683335000038e+09 1.367640018463134766e+11
1.537034832134999990e+09 1.226160049438476562e+11
1.537034980934999943e+09 1.084679985046386719e+11
1.537035055335000038e+09 1.131840038299560547e+11
1.537035129734999895e+09 1.320480155944824219e+11
1.537035204134999990e+09 1.131840038299560547e+11
1.537035241335000038e+09 1.273320102691650391e+11
1.537035278535000086e+09 1.320480155944824219e+11
1.537035315734999895e+09 1.273320102691650391e+11
1.537075441335000038e+09 1.273320102691650391e+11
1.537083836535000086e+09 9.432000160217285156e+10
1.537083985335000038e+09 8.488800048828125000e+10
1.537084171335000038e+09 8.488800048828125000e+10
1.537126813335000038e+09 9.903600692749023438e+10
1.537126924934999943e+09 9.432000160217285156e+10
1.537129819335000038e+09 1.414800047874450684e+10
1.537131307335000038e+09 1.414800047874450684e+10
1.537655125335000038e+09 7.545600414276123047e+10
1.537655274134999990e+09 7.073999881744384766e+10
1.537672053734999895e+09 7.545600414276123047e+10
1.537672128134999990e+09 7.073999881744384766e+10
1.537682308934999943e+09 8.488800048828125000e+10
1.537682383335000038e+09 8.960400581359863281e+10
1.537697404934999943e+09 8.488800048828125000e+10
1.537697553734999895e+09 1.263888092041015625e+12
1.537697702535000086e+09 8.017200469970703125e+10
1.537697776934999943e+09 1.268604049682617188e+12
1.537697851335000038e+09 1.235592041015625000e+12
1.537697925734999895e+09 7.073999881744384766e+10
1.537698000134999990e+09 1.259171981811523438e+12
1.537698074535000086e+09 1.216727981567382812e+12
1.537698148934999943e+09 1.268604049682617188e+12
1.537720968134999990e+09 1.145988082885742188e+12
1.537721079734999895e+09 1.136556091308593750e+12
1.537721265734999895e+09 5.211180419921875000e+12
1.537721340134999990e+09 5.319648437500000000e+12
1.537721414535000086e+09 5.343228149414062500e+12
1.537721488934999943e+09 7.073999881744384766e+10
1.537721563335000038e+09 5.291352539062500000e+12
1.537721637734999895e+09 5.300784301757812500e+12
1.537721712134999990e+09 5.296068725585937500e+12
1.537721786535000086e+09 8.960400581359863281e+10
1.537722642134999990e+09 1.216727981567382812e+12
1.537722753734999895e+09 1.259171981811523438e+12
1.537722939734999895e+09 5.286635742187500000e+12
1.537723014134999990e+09 5.338511962890625000e+12
1.537723088535000086e+09 5.329080200195312500e+12
1.537723162934999943e+09 8.960400581359863281e+10
1.537723534934999943e+09 5.310216674804687500e+12
1.537723609335000038e+09 5.338511962890625000e+12
1.537723795335000038e+09 5.319648437500000000e+12
1.537723869734999895e+09 8.960400581359863281e+10
1.537723944134999990e+09 5.267772216796875000e+12
1.537724018535000086e+09 5.291352539062500000e+12
1.537724055734999895e+09 5.371524658203125000e+12
1.537724092934999943e+09 8.488800048828125000e+10
1.537724130134999990e+09 5.319648437500000000e+12
1.537724167335000038e+09 5.253624267578125000e+12
1.537724204535000086e+09 5.234760131835937500e+12
1.537749916934999943e+09 1.221444091796875000e+12
1.537749991335000038e+09 1.202580108642578125e+12
1.537750251734999895e+09 1.571842895507812500e+13
1.537750326134999990e+09 1.579388427734375000e+13
1.537750400535000086e+09 7.545600414276123047e+10
1.537750474934999943e+09 1.585990966796875000e+13
1.537750549335000038e+09 1.556280029296875000e+13
1.537750623734999895e+09 5.239476318359375000e+12
1.537750698134999990e+09 8.017200469970703125e+10
1.537750772535000086e+09 1.570899658203125000e+13
1.537750846934999943e+09 1.570899658203125000e+13
1.537750921335000038e+09 7.545600414276123047e+10
1.537750995734999895e+09 1.568070068359375000e+13
1.537751070134999990e+09 1.584104492187500000e+13
1.537792368134999990e+09 1.240308151245117188e+12
1.537792442535000086e+09 1.054969238281250000e+13
1.537792516934999943e+09 1.598252441406250000e+13
1.537792591335000038e+09 1.605798095703125000e+13
1.537792665734999895e+09 1.602968505859375000e+13
1.537792702934999943e+09 1.064401245117187500e+13
1.537792740134999990e+09 1.069117309570312500e+13
1.537792814535000086e+09 1.589763671875000000e+13
1.537792888934999943e+09 1.593536499023437500e+13
1.537792963335000038e+09 1.595894531250000000e+13
1.537793037734999895e+09 1.586462402343750000e+13
1.537793056934999943e+09 0.000000000000000000e+00
1.537793074934999943e+09 1.064401245117187500e+13
1.537793112134999990e+09 1.064872802734375000e+13
1.537793134934999943e+09 3.294597656250000000e+13
1.537793134934999943e+09 3.294597656250000000e+13
1.537793186535000086e+09 1.601082153320312500e+13
1.537793260934999943e+09 1.591178588867187500e+13
1.537793335335000038e+09 1.589291992187500000e+13
1.537793409734999895e+09 1.601553710937500000e+13
1.537793484134999990e+09 1.068174072265625000e+13
1.537793558535000086e+09 1.529398803710937500e+13
1.537793670134999990e+09 1.595422851562500000e+13
1.537793707335000038e+09 1.602025268554687500e+13
1.537793730134999990e+09 3.305444580078125000e+13
1.537793781734999895e+09 1.602968505859375000e+13
1.537793856134999990e+09 1.613343627929687500e+13
1.537793893335000038e+09 0.000000000000000000e+00
1.537793916134999990e+09 3.283750976562500000e+13
1.537793926934999943e+09 4.716000258922576904e+09
1.537793930535000086e+09 4.716000258922576904e+09
1.537841947335000038e+09 1.249740066528320312e+12
1.537842021734999895e+09 1.064872802734375000e+13
1.537842096134999990e+09 1.599667236328125000e+13
1.537842170535000086e+09 1.592593261718750000e+13
1.537842244934999943e+09 1.605798095703125000e+13
1.537842356535000086e+09 1.059213745117187500e+13
1.537842430934999943e+09 1.597780883789062500e+13
1.537842505335000038e+09 1.590235229492187500e+13
1.537842579734999895e+09 1.593064941406250000e+13
1.537842654134999990e+09 1.591178588867187500e+13
1.537842728535000086e+09 1.058270507812500000e+13
1.537842802934999943e+09 1.594479614257812500e+13
1.537842877335000038e+09 1.580803344726562500e+13
1.537842951734999895e+09 1.605326416015625000e+13
1.537843026134999990e+09 1.594951293945312500e+13
1.537843100535000086e+09 1.058270507812500000e+13
1.537843174934999943e+09 1.590235229492187500e+13
1.537843249335000038e+09 1.588348876953125000e+13
1.537843286535000086e+09 1.591178588867187500e+13
1.537843323734999895e+09 1.598252441406250000e+13
1.537843383734999895e+09 3.204993652343750000e+13
1.537843398134999990e+09 1.590235229492187500e+13
1.537843435335000038e+09 1.597309204101562500e+13
1.537843458134999990e+09 3.206880126953125000e+13
1.537892178134999990e+09 1.179000091552734375e+11
1.537892289734999895e+09 9.432000160217285156e+10
1.537892512934999943e+09 9.903600692749023438e+10
1.537892624535000086e+09 1.084679985046386719e+11
1.537892698934999943e+09 1.037520122528076172e+11
1.537892773335000038e+09 1.084679985046386719e+11
1.537892847734999895e+09 1.084679985046386719e+11
1.537892922134999990e+09 1.084679985046386719e+11
1.537893070934999943e+09 1.131840038299560547e+11
1.537893182535000086e+09 1.037520122528076172e+11
1.537893294134999990e+09 1.037520122528076172e+11
1.537893368535000086e+09 1.131840038299560547e+11
1.537909640535000086e+09 1.263888092041015625e+12
1.537909714934999943e+09 1.066759277343750000e+13
1.537909900934999943e+09 1.605326416015625000e+13
1.537909975335000038e+09 1.596366088867187500e+13
1.537910049734999895e+09 1.605798095703125000e+13
1.537910124134999990e+09 1.063929687500000000e+13
1.537910198535000086e+09 1.613343627929687500e+13
1.537910272934999943e+09 1.608156127929687500e+13
1.537910347335000038e+09 1.589763671875000000e+13
1.537910421734999895e+09 1.603440063476562500e+13
1.537910533335000038e+09 1.065816040039062500e+13
1.537910607734999895e+09 1.606269653320312500e+13
1.537910682134999990e+09 1.598724121093750000e+13
1.537910756535000086e+09 1.604383300781250000e+13
1.537910830934999943e+09 1.602968505859375000e+13
1.537910905335000038e+09 1.069588867187500000e+13
1.537910979734999895e+09 1.608156127929687500e+13
1.537911054134999990e+09 1.597309204101562500e+13
1.537911128535000086e+09 1.610985717773437500e+13
1.537911188535000086e+09 3.212067871093750000e+13
1.537911202934999943e+09 1.588820434570312500e+13
1.537911225734999895e+09 3.229988525390625000e+13
1.537911277335000038e+09 1.070060424804687500e+13
1.537911411734999895e+09 2.279242919921875000e+13
1.538121393734999895e+09 1.273320083618164062e+12
1.538121691335000038e+09 1.050724853515625000e+13
1.538121765734999895e+09 1.582218139648437500e+13
1.538121840134999990e+09 1.571842895507812500e+13
1.538121914535000086e+09 1.591178588867187500e+13
1.538121988934999943e+09 1.055440795898437500e+13
1.538122063335000038e+09 1.588820434570312500e+13
1.538122137734999895e+09 1.569013305664062500e+13
1.538122212134999990e+09 1.580331665039062500e+13
1.538122286535000086e+09 1.581746459960937500e+13
1.538122360934999943e+09 1.053554443359375000e+13
1.538122435335000038e+09 1.578916870117187500e+13
1.538122509734999895e+09 1.578916870117187500e+13
1.538122584134999990e+09 1.589291992187500000e+13
1.538122658535000086e+09 1.587877319335937500e+13
1.538122732934999943e+09 1.056384033203125000e+13
1.538122770134999990e+09 1.590706909179687500e+13
1.538122807335000038e+09 1.574200927734375000e+13
1.538122881734999895e+09 1.572786132812500000e+13
1.538122956134999990e+09 1.578445312500000000e+13
1.538122993335000038e+09 1.594479614257812500e+13
1.538123030535000086e+09 1.586934082031250000e+13
1.538123030535000086e+09 1.586934082031250000e+13
1.538180823734999895e+09 1.282752075195312500e+12
1.538181381734999895e+09 1.062514770507812500e+13
1.538181493335000038e+09 1.596366088867187500e+13
1.538181567734999895e+09 1.610985717773437500e+13
1.538181642134999990e+09 1.586462402343750000e+13
1.538181716535000086e+09 1.064401245117187500e+13
1.538181790934999943e+09 1.591178588867187500e+13
1.538181865335000038e+09 1.594008056640625000e+13
1.538181939734999895e+09 1.598252441406250000e+13
1.538182014134999990e+09 1.608627685546875000e+13
1.538182088535000086e+09 1.069588867187500000e+13
1.538182162934999943e+09 1.596366088867187500e+13
1.538182237335000038e+09 1.602968505859375000e+13
1.538182311734999895e+09 1.593536499023437500e+13
1.538182386134999990e+09 1.596837646484375000e+13
1.538182460535000086e+09 1.056855712890625000e+13
1.538182534934999943e+09 1.589763671875000000e+13
1.538182572134999990e+09 1.602968505859375000e+13
1.538182609335000038e+09 1.597780883789062500e+13
1.538182669335000038e+09 2.839503662109375000e+13
1.538182683734999895e+09 1.581274780273437500e+13
1.538182683734999895e+09 1.581274780273437500e+13
1.538182720934999943e+09 1.593536499023437500e+13
1.538182758134999990e+09 -4.716000258922576904e+09
1.538182777335000038e+09 1.414800047874450684e+10
1.538182780934999943e+09 2.824884033203125000e+13
1.538182795335000038e+09 2.868271484375000000e+13
1.538182838535000086e+09 2.852237060546875000e+13
1.538233504934999943e+09 1.240308151245117188e+12
1.538233728134999990e+09 1.049781616210937500e+13
1.538233802535000086e+09 1.569013305664062500e+13
1.538233876934999943e+09 1.568541625976562500e+13
1.538233951335000038e+09 1.579388427734375000e+13
1.538234025734999895e+09 1.058742065429687500e+13
1.538234100134999990e+09 1.570428100585937500e+13
1.538234174535000086e+09 1.569956542968750000e+13
1.538234248934999943e+09 1.580803344726562500e+13
1.538234323335000038e+09 1.568070068359375000e+13
1.538234397734999895e+09 1.053082885742187500e+13
1.538234472134999990e+09 1.579860107421875000e+13
1.538234546535000086e+09 1.580331665039062500e+13
1.538234620934999943e+09 1.565240478515625000e+13
1.538234695335000038e+09 1.579860107421875000e+13
1.538234769734999895e+09 1.056855712890625000e+13
1.538234844134999990e+09 1.575615722656250000e+13
1.538234918535000086e+09 1.570899658203125000e+13
1.538234918535000086e+09 1.570899658203125000e+13
1.538234941335000038e+09 2.781496826171875000e+13
1.538234992934999943e+09 1.583161376953125000e+13
1.538235052934999943e+09 2.830071777343750000e+13
1.538235052934999943e+09 2.830071777343750000e+13
1.538235067335000038e+09 1.575615722656250000e+13
1.538242015335000038e+09 1.235592041015625000e+12
1.538242201335000038e+09 1.062514770507812500e+13
1.538242275734999895e+09 1.572314453125000000e+13
1.538242350134999990e+09 1.561939331054687500e+13
1.538242424535000086e+09 1.589291992187500000e+13
1.538242498934999943e+09 1.053554443359375000e+13
1.538242573335000038e+09 1.592121704101562500e+13
1.538242647734999895e+09 1.563825683593750000e+13
1.538242722134999990e+09 1.597309204101562500e+13
1.538242796535000086e+09 1.583161376953125000e+13
1.538242819335000038e+09 2.797059814453125000e+13
1.538242870934999943e+09 1.053554443359375000e+13
1.538242945335000038e+09 1.570899658203125000e+13
1.538243019734999895e+09 1.585047729492187500e+13
1.538243094134999990e+09 1.565712036132812500e+13
1.538243168535000086e+09 1.597780883789062500e+13
1.538243242934999943e+09 1.062986450195312500e+13
1.538243317335000038e+09 1.586462402343750000e+13
1.538243391734999895e+09 1.592593261718750000e+13
1.538243451734999895e+09 2.806963378906250000e+13
1.538243466134999990e+09 1.586462402343750000e+13
1.538243540535000086e+09 1.572786132812500000e+13
1.538243540535000086e+09 1.572786132812500000e+13
1.538299885335000038e+09 1.249740066528320312e+12
1.538301952934999943e+09 1.050253295898437500e+13
1.538302064535000086e+09 1.576558837890625000e+13
1.538302138934999943e+09 1.585047729492187500e+13
1.538302213335000038e+09 1.582218139648437500e+13
1.538302287734999895e+09 1.065816040039062500e+13
1.538302362134999990e+09 1.578445312500000000e+13
1.538302510934999943e+09 1.594008056640625000e+13
1.538302585335000038e+09 1.590235229492187500e+13
1.538302659734999895e+09 1.579860107421875000e+13
1.538302734134999990e+09 1.053554443359375000e+13
1.538302808535000086e+09 1.574200927734375000e+13
1.538302882934999943e+09 1.599667236328125000e+13
1.538302957335000038e+09 1.594008056640625000e+13
1.538303031734999895e+09 1.583632934570312500e+13
1.538303106134999990e+09 1.057798828125000000e+13
1.538303180535000086e+09 1.599195678710937500e+13
1.538303254934999943e+09 1.583632934570312500e+13
1.538303329335000038e+09 1.594008056640625000e+13
1.538303352134999990e+09 2.817810302734375000e+13
1.538303403734999895e+09 1.603440063476562500e+13
1.538332222934999943e+09 1.235592041015625000e+12
1.538332780934999943e+09 1.045065673828125000e+13
1.538332892535000086e+09 1.580331665039062500e+13
1.538332966934999943e+09 1.577973754882812500e+13
1.538333041335000038e+09 1.585990966796875000e+13
1.538333115734999895e+09 1.055440795898437500e+13
1.538333190134999990e+09 1.576558837890625000e+13
1.538333338934999943e+09 1.583632934570312500e+13
1.538333413335000038e+09 1.585519287109375000e+13
1.538333487734999895e+09 1.574672485351562500e+13
1.538333562134999990e+09 1.053554443359375000e+13
1.538333636535000086e+09 1.585519287109375000e+13
1.538333710934999943e+09 1.580331665039062500e+13
1.538333785335000038e+09 1.570428100585937500e+13
1.538333859734999895e+09 1.565712036132812500e+13
1.538333934134999990e+09 1.042707641601562500e+13
1.538334008535000086e+09 1.584576049804687500e+13
1.538334082934999943e+09 1.587405639648437500e+13
1.538334105734999895e+09 2.664540283203125000e+13
1.538334157335000038e+09 1.580331665039062500e+13
1.538334231734999895e+09 1.566183715820312500e+13
1.538334254535000086e+09 2.686233886718750000e+13
1.538374482134999990e+09 1.202580108642578125e+12
1.538374891335000038e+09 1.055440795898437500e+13
1.538374965734999895e+09 1.572314453125000000e+13
1.538375114535000086e+09 1.582218139648437500e+13
1.538375188934999943e+09 1.571371215820312500e+13
1.538375263335000038e+09 1.047895263671875000e+13
1.538375337734999895e+09 1.579860107421875000e+13
1.538375412134999990e+09 1.576087280273437500e+13
1.538375472134999990e+09 2.632471435546875000e+13
1.538375486535000086e+09 1.579388427734375000e+13
1.538375560934999943e+09 1.567126953125000000e+13
1.538375583734999895e+09 2.657937744140625000e+13
1.538375635335000038e+09 1.050253295898437500e+13
1.538375709734999895e+09 1.569484863281250000e+13
1.538375784134999990e+09 1.569956542968750000e+13
1.538375858535000086e+09 1.569956542968750000e+13
1.538375932934999943e+09 1.574672485351562500e+13
1.538376007335000038e+09 1.052611206054687500e+13
1.538376081734999895e+09 1.571842895507812500e+13
1.538376156134999990e+09 1.571371215820312500e+13
1.538376230535000086e+09 1.560996093750000000e+13
1.538376304934999943e+09 1.581274780273437500e+13
1.538376364934999943e+09 2.665483398437500000e+13
1.538376398535000086e+09 -4.716000258922576904e+09
1.538376412934999943e+09 1.886400103569030762e+10
1.538432029335000038e+09 1.221444091796875000e+12
1.538432192535000086e+09 1.040349609375000000e+13
1.538432274134999990e+09 1.569484863281250000e+13
1.538432355734999895e+09 1.573729248046875000e+13
1.538432437335000038e+09 1.573257690429687500e+13
1.538432518934999943e+09 1.036105224609375000e+13
1.538432600535000086e+09 1.583632934570312500e+13
1.538432682134999990e+09 1.567598510742187500e+13
1.538432763734999895e+09 1.575615722656250000e+13
1.538432845335000038e+09 1.563354003906250000e+13
1.538432926934999943e+09 1.046008911132812500e+13
1.538433008535000086e+09 1.573257690429687500e+13
1.538433008535000086e+09 1.573257690429687500e+13
1.538433090134999990e+09 1.562882446289062500e+13
1.538433253335000038e+09 1.551564086914062500e+13
1.538433334934999943e+09 1.561939331054687500e+13
1.538433416535000086e+09 1.038934814453125000e+13
1.538433498134999990e+09 1.571371215820312500e+13
1.538433579734999895e+09 1.551564086914062500e+13
1.538433661335000038e+09 1.566655273437500000e+13
1.538433742934999943e+09 1.572314453125000000e+13
1.538433765734999895e+09 2.642846435546875000e+13
1.538433806535000086e+09 2.654165039062500000e+13
1.538570738535000086e+09 1.254456024169921875e+12
1.538571074535000086e+09 1.076191284179687500e+13
1.538571175335000038e+09 1.613815307617187500e+13
1.538571276134999990e+09 1.622304077148437500e+13
1.538571343335000038e+09 1.605798095703125000e+13
1.538571410535000086e+09 1.074776489257812500e+13
1.538571477734999895e+09 1.628906494140625000e+13
1.538571544934999943e+09 1.643997680664062500e+13
1.538571612134999990e+09 1.620889282226562500e+13
1.538571679335000038e+09 1.610042480468750000e+13
1.538571746535000086e+09 1.075248046875000000e+13
1.538571813734999895e+09 1.618059692382812500e+13
1.538571880934999943e+09 1.611928955078125000e+13
1.538571948134999990e+09 1.617588012695312500e+13
1.538572015335000038e+09 1.615701660156250000e+13
1.538572082535000086e+09 1.075719604492187500e+13
1.538572149734999895e+09 1.621832519531250000e+13
1.538572216934999943e+09 1.630321289062500000e+13
1.538572250535000086e+09 1.633622436523437500e+13
1.538572284134999990e+09 1.624190551757812500e+13
1.538572284134999990e+09 1.624190551757812500e+13
1.538572351335000038e+09 1.610985717773437500e+13
1.538572418535000086e+09 4.716000258922576904e+09
1.538572441335000038e+09 4.102920227050781250e+12
1.538572474934999943e+09 4.107636413574218750e+12
1.538572474934999943e+09 4.107636413574218750e+12
1.538613139335000038e+09 1.188432083129882812e+12
1.538613474134999990e+09 1.058270507812500000e+13
1.538613548535000086e+09 1.600610473632812500e+13
1.538613622934999943e+09 1.596837646484375000e+13
1.538613697335000038e+09 1.595422851562500000e+13
1.538613771734999895e+09 1.047895263671875000e+13
1.538613846134999990e+09 1.592121704101562500e+13
1.538613920535000086e+09 1.613815307617187500e+13
1.538613994934999943e+09 1.630792846679687500e+13
1.538614069335000038e+09 1.619474487304687500e+13
1.538614129335000038e+09 2.842333496093750000e+13
1.538614143734999895e+09 1.069588867187500000e+13
1.538614143734999895e+09 1.069588867187500000e+13
1.538614218134999990e+09 1.617588012695312500e+13
1.538614292535000086e+09 1.625133789062500000e+13
1.538614366934999943e+09 1.627020141601562500e+13
1.538614441335000038e+09 1.618531250000000000e+13
1.538614515734999895e+09 1.084680053710937500e+13
1.538614552934999943e+09 1.595894531250000000e+13
1.538614590134999990e+09 1.592121704101562500e+13
1.538614664535000086e+09 1.604383300781250000e+13
1.538614738934999943e+09 1.618059692382812500e+13
1.538614813335000038e+09 1.618531250000000000e+13
1.538614850535000086e+09 4.716000258922576904e+09
1.538687002934999943e+09 1.207296066284179688e+12
1.538687300535000086e+09 1.063929687500000000e+13
1.538687374934999943e+09 1.594008056640625000e+13
1.538687449335000038e+09 1.598252441406250000e+13
1.538687523734999895e+09 1.603440063476562500e+13
1.538687598134999990e+09 1.066759277343750000e+13
1.538687672535000086e+09 1.603440063476562500e+13
1.538687746934999943e+09 1.613815307617187500e+13
1.538687821335000038e+09 1.610985717773437500e+13
1.538687895734999895e+09 1.602968505859375000e+13
1.538687970134999990e+09 1.066759277343750000e+13
1.538688030134999990e+09 2.878646484375000000e+13
1.538688044535000086e+09 1.602968505859375000e+13
1.538688118934999943e+09 1.594008056640625000e+13
1.538688193335000038e+09 1.604383300781250000e+13
1.538688267734999895e+09 1.593064941406250000e+13
1.538688342134999990e+09 1.067230957031250000e+13
1.538688416535000086e+09 1.594008056640625000e+13
1.538688490934999943e+09 1.598252441406250000e+13
1.538688513734999895e+09 2.882419433593750000e+13
1.538688528134999990e+09 1.609099365234375000e+13
1.538688565335000038e+09 1.623247192382812500e+13
1.538688602535000086e+09 1.595422851562500000e+13
1.538688639734999895e+09 1.584576049804687500e+13
1.538688658934999943e+09 -4.716000258922576904e+09
1.538688662535000086e+09 2.863555419921875000e+13
1.538688699734999895e+09 2.874402343750000000e+13
1.538688699734999895e+09 2.874402343750000000e+13
1.538865542535000086e+09 1.245024108886718750e+12
1.538865914535000086e+09 1.058270507812500000e+13
1.538866026134999990e+09 1.596366088867187500e+13
1.538866100535000086e+09 1.591178588867187500e+13
1.538866174934999943e+09 1.577973754882812500e+13
1.538866249335000038e+09 1.060628417968750000e+13
1.538866323734999895e+09 1.588348876953125000e+13
1.538866398134999990e+09 1.578445312500000000e+13
1.538866472535000086e+09 1.585047729492187500e+13
1.538866546934999943e+09 1.577030517578125000e+13
1.538866621335000038e+09 1.048366821289062500e+13
1.538866695734999895e+09 1.581746459960937500e+13
1.538866770134999990e+09 1.584576049804687500e+13
1.538866844535000086e+09 1.566655273437500000e+13
1.538866918934999943e+09 1.583161376953125000e+13
1.538866993335000038e+09 1.048366821289062500e+13
1.538867067734999895e+09 1.566183715820312500e+13
1.538867142134999990e+09 1.580803344726562500e+13
1.538867216535000086e+09 1.579860107421875000e+13
1.538867253734999895e+09 1.583161376953125000e+13
1.538867290934999943e+09 1.591178588867187500e+13
1.538867313734999895e+09 2.871572509765625000e+13
1.538867313734999895e+09 2.871572509765625000e+13
1.538867324535000086e+09 1.414800047874450684e+10
1.538867350934999943e+09 2.851765380859375000e+13
1.538867384535000086e+09 4.716000258922576904e+09
1.538867388134999990e+09 2.850350585937500000e+13
1.538867402535000086e+09 2.900811767578125000e+13
1.538867402535000086e+09 2.900811767578125000e+13
1.538943374535000086e+09 1.245024108886718750e+12
1.538943783734999895e+09 1.062514770507812500e+13
1.538943858134999990e+09 1.584576049804687500e+13
1.538943932535000086e+09 1.585519287109375000e+13
1.538944006934999943e+09 1.577502075195312500e+13
1.538944081335000038e+09 1.061571655273437500e+13
1.538944155734999895e+09 1.585990966796875000e+13
1.538944230134999990e+09 1.595422851562500000e+13
1.538944304535000086e+09 1.599667236328125000e+13
1.538944378934999943e+09 1.573729248046875000e+13
1.538944453335000038e+09 1.055440795898437500e+13
1.538944527734999895e+09 1.586462402343750000e+13
1.538944602134999990e+09 1.585047729492187500e+13
1.538944676535000086e+09 1.593536499023437500e+13
1.538944750934999943e+09 1.599195678710937500e+13
1.538944825335000038e+09 1.048366821289062500e+13
1.538944899734999895e+09 1.597780883789062500e+13
1.538944974134999990e+09 1.593536499023437500e+13
1.538945048535000086e+09 1.586462402343750000e+13
1.538945122934999943e+09 1.602025268554687500e+13
1.538957385734999895e+09 1.226160049438476562e+12
1.538957757734999895e+09 1.047895263671875000e+13
1.538957906535000086e+09 1.578916870117187500e+13
1.538957980934999943e+09 1.597309204101562500e+13
1.538958055335000038e+09 1.601553710937500000e+13
1.538958129734999895e+09 1.056855712890625000e+13
1.538958204134999990e+09 1.598724121093750000e+13
1.538958278535000086e+09 1.595422851562500000e+13
1.538958315734999895e+09 1.597309204101562500e+13
1.538958352934999943e+09 1.597309204101562500e+13
1.538958427335000038e+09 1.594479614257812500e+13
1.538958501734999895e+09 1.063458007812500000e+13
1.538958576134999990e+09 1.594008056640625000e+13
1.538958598934999943e+09 2.859782470703125000e+13
1.538958650535000086e+09 1.587877319335937500e+13
1.538958724934999943e+09 1.579860107421875000e+13
1.538958799335000038e+09 1.581274780273437500e+13
1.538958873734999895e+09 1.054497680664062500e+13
1.538958948134999990e+09 1.586934082031250000e+13
1.538959022535000086e+09 1.586934082031250000e+13
1.538959022535000086e+09 1.586934082031250000e+13
1.538959096934999943e+09 1.595894531250000000e+13
1.538959171335000038e+09 1.585519287109375000e+13
1.538959194134999990e+09 2.868742919921875000e+13
1.538959242134999990e+09 1.414800047874450684e+10
1.538959268535000086e+09 2.876760009765625000e+13
1.539035254934999943e+09 1.188432083129882812e+12
1.539035589734999895e+09 1.050253295898437500e+13
1.539035664134999990e+09 1.585519287109375000e+13
1.539035738535000086e+09 1.579388427734375000e+13
1.539035812934999943e+09 1.580331665039062500e+13
1.539035887335000038e+09 1.057327148437500000e+13
1.539035961734999895e+09 1.569013305664062500e+13
1.539036036134999990e+09 1.577973754882812500e+13
1.539036110535000086e+09 1.583161376953125000e+13
1.539036184934999943e+09 1.587405639648437500e+13
1.539036259335000038e+09 1.042707641601562500e+13
1.539036333734999895e+09 1.591650024414062500e+13
1.539036408134999990e+09 1.582218139648437500e+13
1.539036631335000038e+09 1.579860107421875000e+13
1.539036705734999895e+09 1.586462402343750000e+13
1.539036780134999990e+09 1.058270507812500000e+13
1.539036854535000086e+09 1.573257690429687500e+13
1.539036928934999943e+09 1.568070068359375000e+13
1.539037003335000038e+09 1.582689697265625000e+13
1.539037077734999895e+09 1.591178588867187500e+13
1.539037114934999943e+09 9.432000517845153809e+09
1.539037137734999895e+09 2.830543212890625000e+13
1.539097476134999990e+09 1.311048126220703125e+12
1.539097773734999895e+09 1.094112060546875000e+13
1.539097885335000038e+09 1.556280029296875000e+13
1.539097996934999943e+09 1.580803344726562500e+13
1.539098071335000038e+09 1.567598510742187500e+13
1.539098145734999895e+09 1.044593994140625000e+13
1.539098220134999990e+09 1.584576049804687500e+13
1.539098294535000086e+09 1.584576049804687500e+13
1.539098368934999943e+09 1.565240478515625000e+13
1.539098443335000038e+09 1.566655273437500000e+13
1.539098517734999895e+09 1.040821289062500000e+13
1.539098592134999990e+09 1.570428100585937500e+13
1.539098666535000086e+09 1.555808471679687500e+13
1.539098740934999943e+09 1.575615722656250000e+13
1.539098815335000038e+09 1.573729248046875000e+13
1.539098889734999895e+09 1.038463256835937500e+13
1.539098926934999943e+09 1.564297241210937500e+13
1.539098964134999990e+09 1.552507202148437500e+13
1.539098986934999943e+09 2.877703369140625000e+13
1.539098986934999943e+09 2.877703369140625000e+13
1.539099038535000086e+09 1.569484863281250000e+13
1.539099061335000038e+09 2.872044189453125000e+13
1.539099112934999943e+09 1.561939331054687500e+13
1.539099150134999990e+09 1.573257690429687500e+13
1.539099150134999990e+09 1.573257690429687500e+13
1.539099172934999943e+09 2.894680908203125000e+13
1.539099172934999943e+09 2.894680908203125000e+13
1.539099187335000038e+09 1.565240478515625000e+13
1.539099247335000038e+09 2.872515625000000000e+13
1.539099261734999895e+09 1.575144165039062500e+13
1.539099261734999895e+09 1.575144165039062500e+13
1.539099284535000086e+09 2.854123535156250000e+13
1.539099284535000086e+09 2.854123535156250000e+13
1.539209862134999990e+09 1.480824127197265625e+12
1.539210048134999990e+09 1.053082885742187500e+13
1.539210159734999895e+09 1.580803344726562500e+13
1.539210234134999990e+09 1.571842895507812500e+13
1.539210308535000086e+09 1.577502075195312500e+13
1.539210382934999943e+09 1.058742065429687500e+13
1.539210457335000038e+09 1.580331665039062500e+13
1.539210531734999895e+09 1.582218139648437500e+13
1.539210606134999990e+09 1.573729248046875000e+13
1.539210680535000086e+09 1.581746459960937500e+13
1.539210754934999943e+09 1.046952026367187500e+13
1.539210829335000038e+09 1.585047729492187500e+13
1.539210903734999895e+09 1.577973754882812500e+13
1.539210978134999990e+09 1.585519287109375000e+13
1.539211052535000086e+09 1.599195678710937500e+13
1.539211126934999943e+09 1.053082885742187500e+13
1.539211201335000038e+09 1.592593261718750000e+13
1.539211238535000086e+09 1.594479614257812500e+13
1.539211275734999895e+09 1.577030517578125000e+13
1.539211350134999990e+09 1.585990966796875000e+13
1.539211424535000086e+09 1.583632934570312500e+13
1.539211458134999990e+09 1.414800047874450684e+10
1.539211521734999895e+09 2.758388671875000000e+13
1.539550798934999943e+09 6.602400779724121094e+10
1.539551617335000038e+09 1.240308151245117188e+12
1.539551952134999990e+09 9.903600692749023438e+10
1.539552026535000086e+09 1.207296066284179688e+12
1.539552138134999990e+09 1.216727981567382812e+12
1.539552249734999895e+09 9.432000160217285156e+10
1.539552398535000086e+09 1.207296066284179688e+12
1.539552472934999943e+09 1.216727981567382812e+12
1.539552547335000038e+09 1.226160049438476562e+12
1.539561769335000038e+09 1.179000091552734375e+11
1.539561843734999895e+09 1.221444091796875000e+12
1.539561992535000086e+09 1.131840038299560547e+11
1.539562066934999943e+09 1.179000091552734375e+12
1.539562141335000038e+09 1.202580108642578125e+12
1.539562215734999895e+09 9.432000160217285156e+10
1.539562290134999990e+09 1.212012023925781250e+12
1.539562364535000086e+09 1.216727981567382812e+12
1.539562401734999895e+09 1.197864151000976562e+12
1.539673648934999943e+09 1.216727981567382812e+12
1.539673760535000086e+09 1.212012023925781250e+12
1.539674095335000038e+09 4.668840332031250000e+12
1.539674206934999943e+09 5.102712097167968750e+12
1.539674281335000038e+09 5.159304199218750000e+12
1.539674355734999895e+09 1.273320102691650391e+11
1.539674430134999990e+09 5.206464233398437500e+12
1.539674504535000086e+09 5.253624267578125000e+12
1.539674578934999943e+09 5.206464233398437500e+12
1.539674653335000038e+09 9.432000160217285156e+10
1.539674727734999895e+09 4.154796142578125000e+12
1.539674802134999990e+09 5.215896606445312500e+12
1.539674876535000086e+09 5.281920166015625000e+12
1.539674950934999943e+09 1.179000091552734375e+11
1.539675025335000038e+09 5.192316284179687500e+12
1.539675174134999990e+09 5.192316284179687500e+12
1.539675211335000038e+09 5.102712097167968750e+12
1.539689922134999990e+09 1.273320083618164062e+12
1.539689996535000086e+09 1.021014099121093750e+13
1.539690108134999990e+09 1.539774047851562500e+13
1.539690182535000086e+09 1.543075317382812500e+13
1.539690294134999990e+09 1.513364501953125000e+13
1.539690368535000086e+09 1.029974487304687500e+13
1.539690442934999943e+09 1.491670898437500000e+13
1.539690517335000038e+09 1.530813720703125000e+13
1.539690591734999895e+09 1.532700073242187500e+13
1.539690666134999990e+09 1.544961669921875000e+13
1.539690740535000086e+09 9.639504394531250000e+12
1.539690814934999943e+09 1.532228515625000000e+13
1.539690889335000038e+09 1.530813720703125000e+13
1.539690963734999895e+09 1.543075317382812500e+13
1.539691038134999990e+09 1.557694824218750000e+13
1.539691112535000086e+09 1.024315307617187500e+13
1.539691186934999943e+09 1.530342041015625000e+13
1.539691261335000038e+09 1.538830932617187500e+13
1.539691335734999895e+09 1.542132080078125000e+13
1.539691410134999990e+09 1.477051269531250000e+13
1.539751467734999895e+09 1.193148040771484375e+12
1.539751542134999990e+09 1.009695617675781250e+13
1.539751616535000086e+09 1.520438476562500000e+13
1.539751690934999943e+09 1.517608886718750000e+13
1.539751876934999943e+09 1.506290405273437500e+13
1.539751951335000038e+09 1.007337585449218750e+13
1.539752025734999895e+09 1.513364501953125000e+13
1.539752174535000086e+09 1.516665649414062500e+13
1.539752248934999943e+09 1.496858520507812500e+13
1.539752323335000038e+09 1.509120117187500000e+13
1.539752397734999895e+09 1.007809265136718750e+13
1.539752472134999990e+09 1.511478027343750000e+13
1.539752546535000086e+09 1.514307617187500000e+13
1.539752620934999943e+09 1.503460815429687500e+13
1.539752695335000038e+09 1.524682861328125000e+13
1.539752769734999895e+09 1.012996887207031250e+13
1.539752844134999990e+09 1.511478027343750000e+13
1.539752918535000086e+09 1.520910156250000000e+13
1.539752992934999943e+09 1.500631225585937500e+13
1.539752992934999943e+09 1.500631225585937500e+13
1.539753067335000038e+09 1.509120117187500000e+13
1.539810603734999895e+09 1.230876083374023438e+12
1.539811012934999943e+09 1.057798828125000000e+13
1.539811124535000086e+09 1.571371215820312500e+13
1.539811198934999943e+09 1.534114868164062500e+13
1.539811273335000038e+09 1.578445312500000000e+13
1.539811347734999895e+09 1.050253295898437500e+13
1.539811570934999943e+09 1.580331665039062500e+13
1.539811645335000038e+09 1.562882446289062500e+13
1.539811719734999895e+09 1.552507202148437500e+13
1.539811868535000086e+09 1.563825683593750000e+13
1.539811942934999943e+09 1.022900451660156250e+13
1.539812128934999943e+09 1.566655273437500000e+13
1.539812203335000038e+09 1.572786132812500000e+13
1.539812277734999895e+09 1.513364501953125000e+13
1.539812352134999990e+09 1.561939331054687500e+13
1.539812426535000086e+09 1.045065673828125000e+13
1.539812463734999895e+09 1.577030517578125000e+13
1.539812500934999943e+09 1.564297241210937500e+13
1.539812538134999990e+09 1.587405639648437500e+13
1.539812575335000038e+09 1.557694824218750000e+13
1.539812635335000038e+09 2.737638183593750000e+13
1.539872772134999990e+09 1.193148040771484375e+12
1.539873144134999990e+09 1.036576782226562500e+13
1.539873292934999943e+09 1.502046142578125000e+13
1.539874297335000038e+09 1.559109741210937500e+13
1.539874334535000086e+09 1.569013305664062500e+13
1.539874371734999895e+09 1.030917724609375000e+13
1.539874408934999943e+09 1.555808471679687500e+13
1.539874706535000086e+09 1.517608886718750000e+13
1.539874743734999895e+09 1.547319580078125000e+13
1.539874780934999943e+09 1.549206176757812500e+13
1.539874818134999990e+09 1.037991699218750000e+13
1.539874855335000038e+09 1.554393676757812500e+13
1.539874892535000086e+09 1.558166503906250000e+13
1.539874929734999895e+09 1.541188964843750000e+13
1.539875004134999990e+09 1.535529663085937500e+13
1.539875041335000038e+09 1.032804077148437500e+13
1.539875078535000086e+09 1.540717285156250000e+13
1.539875115734999895e+09 1.541188964843750000e+13
1.539875246535000086e+09 0.000000000000000000e+00
1.539875338934999943e+09 1.549677734375000000e+13
1.539875376134999990e+09 1.542603637695312500e+13
1.539875436134999990e+09 2.688591552734375000e+13
1.539926810535000086e+09 1.212012023925781250e+12
1.539926847734999895e+09 1.044593994140625000e+13
1.539926959335000038e+09 1.555336791992187500e+13
1.539927033734999895e+09 1.578445312500000000e+13
1.539927108134999990e+09 1.555808471679687500e+13
1.539927182535000086e+09 1.018656066894531250e+13
1.539927256934999943e+09 1.555336791992187500e+13
1.539927331335000038e+09 1.557223388671875000e+13
1.539927405734999895e+09 1.522796508789062500e+13
1.539927480134999990e+09 1.572314453125000000e+13
1.539927777734999895e+09 1.042236083984375000e+13
1.539927852134999990e+09 1.577030517578125000e+13
1.539928000934999943e+09 1.574200927734375000e+13
1.539928075335000038e+09 1.563354003906250000e+13
1.539928224134999990e+09 1.572786132812500000e+13
1.539928298535000086e+09 1.048838500976562500e+13
1.539928372934999943e+09 1.549677734375000000e+13
1.539928447335000038e+09 1.566183715820312500e+13
1.539928521734999895e+09 1.570428100585937500e+13
1.539928596134999990e+09 1.574672485351562500e+13
1.539948975734999895e+09 1.183716049194335938e+12
1.539949198934999943e+09 1.202580108642578125e+12
1.539949570934999943e+09 1.216727981567382812e+12
1.539949645335000038e+09 1.078077636718750000e+13
1.539949719734999895e+09 1.611928955078125000e+13
1.539949794134999990e+09 1.597309204101562500e+13
1.539949942934999943e+09 1.608156127929687500e+13
1.539950017335000038e+09 1.062986450195312500e+13
1.539950389335000038e+09 1.623718872070312500e+13
1.539950835734999895e+09 1.603440063476562500e+13
1.539950910134999990e+09 1.615701660156250000e+13
1.539951021734999895e+09 1.625133789062500000e+13
1.539951058934999943e+09 1.074776489257812500e+13
1.539951096134999990e+09 1.601082153320312500e+13
1.539951133335000038e+09 1.615229980468750000e+13
1.539951170535000086e+09 1.615701660156250000e+13
1.539951207734999895e+09 1.625133789062500000e+13
1.539951244934999943e+09 1.079492431640625000e+13
1.539951282134999990e+09 1.615229980468750000e+13
1.539951319335000038e+09 1.606741333007812500e+13
1.539951356535000086e+09 1.599667236328125000e+13
1.539951393734999895e+09 1.610514038085937500e+13
1.539956060535000086e+09 1.235592041015625000e+12
1.539956209335000038e+09 1.081378784179687500e+13
1.539956283734999895e+09 1.642111328125000000e+13
1.539956358134999990e+09 1.559109741210937500e+13
1.539956432535000086e+09 1.640224853515625000e+13
1.539956506934999943e+09 1.082322021484375000e+13
1.539956581335000038e+09 1.623718872070312500e+13
1.539956804535000086e+09 1.641168090820312500e+13
1.539956878934999943e+09 1.594479614257812500e+13
1.539956953335000038e+09 1.635037353515625000e+13
1.539957027734999895e+09 1.090339233398437500e+13
1.539957250934999943e+09 1.637866943359375000e+13
1.539957325335000038e+09 1.636452026367187500e+13
1.539957399734999895e+09 1.589291992187500000e+13
1.539957548535000086e+09 1.622304077148437500e+13
1.539957622934999943e+09 1.093640380859375000e+13
1.539957697335000038e+09 1.622304077148437500e+13
1.539957734535000086e+09 1.633622436523437500e+13
1.539957771734999895e+09 1.627020141601562500e+13
1.539957808934999943e+09 1.643526123046875000e+13
1.539957868934999943e+09 2.756973632812500000e+13
1.540018344134999990e+09 1.221444091796875000e+12
1.540018418535000086e+09 1.061100097656250000e+13
1.540018530134999990e+09 1.593536499023437500e+13
1.540018604535000086e+09 1.607684448242187500e+13
1.540018753335000038e+09 1.212012023925781250e+12
1.540018827734999895e+09 1.245024108886718750e+12
1.540019162535000086e+09 1.212012023925781250e+12
1.540019236934999943e+09 1.057798828125000000e+13
1.540019311335000038e+09 1.604383300781250000e+13
1.540019385734999895e+09 1.608627685546875000e+13
1.540019460134999990e+09 1.619474487304687500e+13
1.540019534535000086e+09 1.069588867187500000e+13
1.540019608934999943e+09 1.574200927734375000e+13
1.540019683335000038e+09 1.605326416015625000e+13
1.540019832134999990e+09 1.602025268554687500e+13
1.540019906535000086e+09 1.599667236328125000e+13
1.540019980934999943e+09 1.070531982421875000e+13
1.540020055335000038e+09 1.601082153320312500e+13
1.540020115335000038e+09 2.651806884765625000e+13
1.540020129734999895e+09 1.600138916015625000e+13
1.540020129734999895e+09 1.600138916015625000e+13
1.540020152535000086e+09 2.615493652343750000e+13
1.540020204134999990e+09 1.602968505859375000e+13
1.540020223335000038e+09 1.886400103569030762e+10
1.540020226934999943e+09 2.645204589843750000e+13
1.540020241335000038e+09 1.609570922851562500e+13
1.540020264134999990e+09 2.613607421875000000e+13
1.540020278535000086e+09 1.612400512695312500e+13
1.540020352934999943e+09 1.064872802734375000e+13
1.540020427335000038e+09 1.590706909179687500e+13
1.540020450134999990e+09 2.697552246093750000e+13
1.540020450134999990e+09 2.697552246093750000e+13
1.540020464535000086e+09 1.061571655273437500e+13
1.540020464535000086e+09 1.061571655273437500e+13
1.540020464535000086e+09 1.061571655273437500e+13
1.540020501734999895e+09 1.603911743164062500e+13
1.540020538934999943e+09 1.593536499023437500e+13
1.540020576134999990e+09 9.432000517845153809e+09
1.540020673335000038e+09 2.698495361328125000e+13
1.540020673335000038e+09 2.698495361328125000e+13
1.540020724934999943e+09 1.612400512695312500e+13
1.540020762134999990e+09 1.615229980468750000e+13
1.540020784934999943e+09 2.693779296875000000e+13
1.540020799335000038e+09 1.611457275390625000e+13
