1.534479285734999895e+09 0.000000000000000000e+00
1.534479322934999943e+09 0.000000000000000000e+00
1.534479360134999990e+09 0.000000000000000000e+00
1.534661612535000086e+09 0.000000000000000000e+00
1.535027484134999990e+09 0.000000000000000000e+00
1.535027558535000086e+09 0.000000000000000000e+00
1.535055495734999895e+09 1.619920000000000073e+03
1.535055681734999895e+09 0.000000000000000000e+00
1.535055756134999990e+09 0.000000000000000000e+00
1.535055904934999943e+09 0.000000000000000000e+00
1.535055904934999943e+09 0.000000000000000000e+00
1.535055942134999990e+09 0.000000000000000000e+00
1.535115608535000086e+09 0.000000000000000000e+00
1.535251299734999895e+09 0.000000000000000000e+00
1.535389675335000038e+09 0.000000000000000000e+00
1.535517212535000086e+09 1.594302500000000009e+03
1.535517398535000086e+09 0.000000000000000000e+00
1.535517435734999895e+09 0.000000000000000000e+00
1.535517435734999895e+09 0.000000000000000000e+00
1.535548626134999990e+09 0.000000000000000000e+00
1.535548849335000038e+09 0.000000000000000000e+00
1.535548849335000038e+09 0.000000000000000000e+00
1.535548923734999895e+09 0.000000000000000000e+00
1.535574968535000086e+09 1.564402100000000019e+03
1.535575117335000038e+09 0.000000000000000000e+00
1.535575117335000038e+09 0.000000000000000000e+00
1.535619522134999990e+09 0.000000000000000000e+00
1.535619559335000038e+09 0.000000000000000000e+00
1.535619559335000038e+09 0.000000000000000000e+00
1.535738245335000038e+09 1.592315100000000029e+03
1.535738468535000086e+09 0.000000000000000000e+00
1.535797437734999895e+09 0.000000000000000000e+00
1.535831089335000038e+09 0.000000000000000000e+00
1.535852959335000038e+09 0.000000000000000000e+00
1.535853033734999895e+09 0.000000000000000000e+00
1.535853108134999990e+09 0.000000000000000000e+00
1.535853145335000038e+09 0.000000000000000000e+00
1.535884723335000038e+09 0.000000000000000000e+00
1.535921584934999943e+09 0.000000000000000000e+00
1.535921622134999990e+09 0.000000000000000000e+00
1.535921659335000038e+09 0.000000000000000000e+00
1.535953792934999943e+09 0.000000000000000000e+00
1.535953792934999943e+09 0.000000000000000000e+00
1.535953830134999990e+09 0.000000000000000000e+00
1.536037872134999990e+09 0.000000000000000000e+00
1.536090368535000086e+09 0.000000000000000000e+00
1.536145932134999990e+09 0.000000000000000000e+00
1.536146006535000086e+09 0.000000000000000000e+00
1.536238389734999895e+09 0.000000000000000000e+00
1.536238464134999990e+09 0.000000000000000000e+00
1.536339528134999990e+09 0.000000000000000000e+00
1.536339565335000038e+09 0.000000000000000000e+00
1.536366721335000038e+09 0.000000000000000000e+00
1.536505850535000086e+09 0.000000000000000000e+00
1.536547407734999895e+09 0.000000000000000000e+00
1.536547482134999990e+09 0.000000000000000000e+00
1.536547482134999990e+09 0.000000000000000000e+00
1.537793930535000086e+09 0.000000000000000000e+00
1.538182720934999943e+09 0.000000000000000000e+00
1.538235067335000038e+09 0.000000000000000000e+00
1.538303403734999895e+09 0.000000000000000000e+00
1.538303440934999943e+09 0.000000000000000000e+00
1.538376379335000038e+09 0.000000000000000000e+00
1.538376379335000038e+09 0.000000000000000000e+00
1.538376416535000086e+09 0.000000000000000000e+00
1.538572384934999943e+09 0.000000000000000000e+00
1.538572452134999990e+09 3.096911600000000209e-01
1.538572485734999895e+09 0.000000000000000000e+00
1.538614664535000086e+09 0.000000000000000000e+00
1.538614813335000038e+09 0.000000000000000000e+00
1.538688676934999943e+09 0.000000000000000000e+00
1.538688714134999990e+09 0.000000000000000000e+00
1.538867328134999990e+09 0.000000000000000000e+00
1.538867365335000038e+09 0.000000000000000000e+00
1.538958985335000038e+09 1.557286100000000033e+03
1.538959245734999895e+09 0.000000000000000000e+00
1.539037152134999990e+09 0.000000000000000000e+00
1.539211498934999943e+09 3.085371999999999844e+03
1.539211536134999990e+09 0.000000000000000000e+00
1.539812463734999895e+09 0.000000000000000000e+00
1.539812575335000038e+09 0.000000000000000000e+00
1.539812612535000086e+09 0.000000000000000000e+00
1.539950984535000086e+09 0.000000000000000000e+00
1.539951058934999943e+09 0.000000000000000000e+00
1.539951096134999990e+09 0.000000000000000000e+00
1.539951133335000038e+09 0.000000000000000000e+00
1.539951170535000086e+09 0.000000000000000000e+00
1.539951393734999895e+09 0.000000000000000000e+00
1.539957697335000038e+09 0.000000000000000000e+00
1.539957771734999895e+09 0.000000000000000000e+00
1.539957846134999990e+09 0.000000000000000000e+00
1.539957846134999990e+09 0.000000000000000000e+00
1.539957883335000038e+09 0.000000000000000000e+00
