1.534479397335000038e+09 7.487078999999999596e+00
1.534596988934999943e+09 0.000000000000000000e+00
1.534597026134999990e+09 1.502043699999999944e+03
1.534597063335000038e+09 0.000000000000000000e+00
1.535055942134999990e+09 0.000000000000000000e+00
1.535115534134999990e+09 0.000000000000000000e+00
1.535115645734999895e+09 0.000000000000000000e+00
1.535115682934999943e+09 0.000000000000000000e+00
1.535325045734999895e+09 0.000000000000000000e+00
1.535325194535000086e+09 0.000000000000000000e+00
1.535389377734999895e+09 0.000000000000000000e+00
1.535389489335000038e+09 1.491957799999999907e+03
1.535389526535000086e+09 0.000000000000000000e+00
1.535414799734999895e+09 0.000000000000000000e+00
1.535516952134999990e+09 1.552789700000000039e+03
1.535517398535000086e+09 1.552471999999999980e+03
1.535517435734999895e+09 0.000000000000000000e+00
1.535548068134999990e+09 0.000000000000000000e+00
1.535548588934999943e+09 0.000000000000000000e+00
1.535548960934999943e+09 1.524009800000000041e+03
1.535796879734999895e+09 0.000000000000000000e+00
1.535884760535000086e+09 0.000000000000000000e+00
1.535920840934999943e+09 0.000000000000000000e+00
1.535920952535000086e+09 0.000000000000000000e+00
1.535953792934999943e+09 0.000000000000000000e+00
1.535953830134999990e+09 0.000000000000000000e+00
1.536037909335000038e+09 1.550183600000000069e+03
1.536090033734999895e+09 1.029310400000000072e+03
1.536090108134999990e+09 1.553968100000000049e+03
1.536090182535000086e+09 5.407979499999999717e-01
1.536145522934999943e+09 1.026005499999999984e+03
1.536145820535000086e+09 1.545862800000000107e+03
1.536146006535000086e+09 0.000000000000000000e+00
1.536238464134999990e+09 0.000000000000000000e+00
1.536238464134999990e+09 0.000000000000000000e+00
1.536238501335000038e+09 0.000000000000000000e+00
1.536339416535000086e+09 0.000000000000000000e+00
1.536339490934999943e+09 0.000000000000000000e+00
1.536339602535000086e+09 0.000000000000000000e+00
1.536478873335000038e+09 0.000000000000000000e+00
1.536505813335000038e+09 0.000000000000000000e+00
1.536547407734999895e+09 1.571474999999999909e+03
1.536547482134999990e+09 0.000000000000000000e+00
1.537793149335000038e+09 0.000000000000000000e+00
1.537793149335000038e+09 0.000000000000000000e+00
1.537793744535000086e+09 0.000000000000000000e+00
1.537793930535000086e+09 0.000000000000000000e+00
1.537911202934999943e+09 1.521231199999999944e+03
1.537911240134999990e+09 0.000000000000000000e+00
1.538182683734999895e+09 1.514437100000000100e+03
1.538234955734999895e+09 0.000000000000000000e+00
1.538235067335000038e+09 1.503684999999999945e+03
1.538243466134999990e+09 1.515255200000000059e+03
1.538303366535000086e+09 0.000000000000000000e+00
1.538334120134999990e+09 1.090144140000000039e-01
1.538375486535000086e+09 1.511049400000000105e+03
1.538376416535000086e+09 0.000000000000000000e+00
1.538433008535000086e+09 1.503671000000000049e+03
1.538572452134999990e+09 0.000000000000000000e+00
1.538572485734999895e+09 0.000000000000000000e+00
1.538614143734999895e+09 1.023839899999999943e+03
1.538688044535000086e+09 1.534983600000000024e+03
1.538688528134999990e+09 0.000000000000000000e+00
1.538688676934999943e+09 0.000000000000000000e+00
1.538688714134999990e+09 0.000000000000000000e+00
1.538867328134999990e+09 0.000000000000000000e+00
1.538958613335000038e+09 0.000000000000000000e+00
1.538959208535000086e+09 0.000000000000000000e+00
1.539037152134999990e+09 0.000000000000000000e+00
1.539099001335000038e+09 0.000000000000000000e+00
1.539099187335000038e+09 1.500000600000000077e+03
1.539099261734999895e+09 0.000000000000000000e+00
1.539099298934999943e+09 0.000000000000000000e+00
1.539099298934999943e+09 0.000000000000000000e+00
1.539812649734999895e+09 1.011782999999999988e-01
1.539875450535000086e+09 0.000000000000000000e+00
1.539957883335000038e+09 0.000000000000000000e+00
1.540020129734999895e+09 1.530192900000000009e+03
1.540020241335000038e+09 0.000000000000000000e+00
1.540020464535000086e+09 0.000000000000000000e+00
1.540020687734999895e+09 0.000000000000000000e+00
